1,1
2,2
3,3
4,4
5,5
6,1
7,2
8,3
9,4
10,5
11,1
12,2
13,3
14,4
15,5
16,1
17,2
18,3
19,4
20,5
21,1
22,2
23,3
24,4
25,5
26,1
27,2
28,3
29,4
30,5
31,1
32,2
33,3
34,4
35,5
36,1
37,2
38,3
39,4
40,5
41,1
42,2
43,3
44,4
45,5
46,1
47,2
48,3
49,4
50,5
51,1
52,2
53,3
54,4
55,5
56,1
57,2
58,3
59,4
60,5
61,1
62,2
63,3
64,4
65,5
66,1
67,2
68,3
69,4
70,5
71,1
72,2
73,3
74,4
75,5
76,1
77,2
78,3
79,4
80,5
81,1
82,2
83,3
84,4
85,5
86,1
87,2
88,3
89,4
90,5
91,1
92,2
93,3
94,4
95,5
96,1
97,2
98,3
99,4
100,5
101,1
102,2
103,3
104,4
105,5
106,1
107,2
108,3
109,4
110,5
111,1
112,2
113,3
114,4
115,5
116,1
117,2
118,3
119,4
120,5
121,1
122,2
123,3
124,4
125,5
126,1
127,2
128,3
129,4
130,5
131,1
132,2
133,3
134,4
135,5
136,1
137,2
138,3
139,4
140,5
141,1
142,2
143,3
144,4
145,5
146,1
147,2
148,3
149,4
150,5
151,1
152,2
153,3
154,4
155,5
156,1
157,2
158,3
159,4
160,5
161,1
162,2
163,3
164,4
165,5
166,1
167,2
168,3
169,4
170,5
171,1
172,2
173,3
174,4
175,5
176,1
177,2
178,3
179,4
180,5
181,1
182,2
183,3
184,4
185,5
186,1
187,2
188,3
189,4
190,5
191,1
192,2
193,3
194,4
195,5
196,1
197,2
198,3
199,4
200,5
201,1
202,2
203,3
204,4
205,5
206,1
207,2
208,3
209,4
210,5
211,1
212,2
213,3
214,4
215,5
216,1
217,2
218,3
219,4
220,5
221,1
222,2
223,3
224,4
225,5
226,6
227,7
228,8
229,9
230,10
231,11
232,12
233,13
234,14
235,15
236,16
237,6
238,7
239,8
240,9
241,10
242,11
243,12
244,13
245,14
246,15
247,16
248,6
249,7
250,8
251,9
252,10
253,11
254,12
255,13
256,14
257,15
258,16
259,6
260,7
261,8
262,9
263,10
264,11
265,12
266,13
267,14
268,15
269,16
270,6
271,7
272,8
273,9
274,10
275,11
276,12
277,13
278,14
279,15
280,16
281,6
282,7
283,8
284,9
285,10
286,11
287,12
288,13
289,14
290,15
291,16
292,6
293,7
294,8
295,9
296,10
297,11
298,12
299,13
300,14
301,15
302,16
303,6
304,7
305,8
306,9
307,10
308,11
309,12
310,13
311,14
312,15
313,16
314,6
315,7
316,8
317,9
318,10
319,11
320,12
321,13
322,14
323,15
324,16
325,6
326,7
327,8
328,9
329,10
330,11
331,12
332,13
333,14
334,15
335,16
336,6
337,7
338,8
339,9
340,10
341,11
342,12
343,13
344,14
345,15
346,16
347,6
348,7
349,8
350,9
351,10
352,11
353,12
354,13
355,14
356,15
357,16
358,6
359,7
360,8
361,9
362,10
363,11
364,12
365,13
366,14
367,15
368,16
369,6
370,7
371,8
372,9
373,10
374,11
375,12
376,13
377,14
378,15
379,16
380,6
381,7
382,8
383,9
384,10
385,11
386,12
387,13
388,14
389,15
390,16
391,6
392,7
393,8
394,9
395,10
396,11
397,12
398,13
399,14
400,15
401,16
402,6
403,7
404,8
405,9
406,10
407,11
408,12
409,13
410,14
411,15
412,16
413,6
414,7
415,8
416,9
417,10
418,11
419,12
420,13
421,14
422,15
423,16
424,6
425,7
426,8
427,9
428,10
429,11
430,12
431,13
432,14
433,15
434,16
435,6
436,7
437,8
438,9
439,10
440,11
441,12
442,13
443,14
444,15
445,16
446,6
447,7
448,8
449,9
450,10
451,11
452,12
453,13
454,14
455,15
456,16
457,6
458,7
459,8
460,9
461,10
462,11
463,12
464,13
465,14
466,15
467,16
468,6
469,7
470,8
471,9
472,10
473,11
474,12
475,13
476,14
477,15
478,16
479,6
480,7
481,8
482,9
483,10
484,11
485,12
486,13
487,14
488,15
489,16
490,6
491,7
492,8
493,9
494,10
495,11
496,12
497,13
498,14
499,15
500,16
501,6
502,7
503,8
504,9
505,10
506,11
507,12
508,13
509,14
510,15
511,16
512,6
513,7
514,8
515,9
516,10
517,11
518,12
519,13
520,14
521,15
522,16
523,6
524,7
525,8
526,9
527,10
528,11
529,12
530,13
531,14
532,15
533,16
534,6
535,7
536,8
537,9
538,10
539,11
540,12
541,13
542,14
543,15
544,16
545,6
546,7
547,8
548,9
549,10
550,11
551,12
552,13
553,14
554,15
555,16
556,6
557,7
558,8
559,9
560,10
561,11
562,12
563,13
564,14
565,15
566,16
567,6
568,7
569,8
570,9
571,10
572,11
573,12
574,13
575,14
576,15
577,16
578,6
579,7
580,8
581,9
582,10
583,11
584,12
585,13
586,14
587,15
588,16
589,6
590,7
591,8
592,9
593,10
594,11
595,12
596,13
597,14
598,15
599,16
600,6
601,7
602,8
603,9
604,10
605,11
606,12
607,13
608,14
609,15
610,16
611,6
612,7
613,8
614,9
615,10
616,11
617,12
618,13
619,14
620,15
621,16
622,6
623,7
624,8
625,9
626,10
627,11
628,12
629,13
630,14
631,15
632,16
633,6
634,7
635,8
636,9
637,10
638,11
639,12
640,13
641,14
642,15
643,16
644,6
645,7
646,8
647,9
648,10
649,11
650,12
651,13
652,14
653,15
654,16
655,6
656,7
657,8
658,9
659,10
660,11
661,12
662,13
663,14
664,15
665,16
666,6
667,7
668,8
669,9
670,10
671,11
672,12
673,13
674,14
675,15
676,16
677,6
678,7
679,8
680,9
681,10
682,11
683,12
684,13
685,14
686,15
687,16
688,6
689,7
690,8
691,9
692,10
693,11
694,12
695,13
696,14
697,15
698,16
699,6
700,7
701,8
702,9
703,10
704,11
705,12
706,13
707,14
708,15
709,16
710,6
711,7
712,8
713,9
714,10
715,11
716,12
717,13
718,14
719,15
720,16
721,6
722,7
723,8
724,9
725,10
726,11
727,12
728,13
729,14
730,15
731,16
732,6
733,7
734,8
735,9
736,10
737,11
738,12
739,13
740,14
741,15
742,16
743,6
744,7
745,8
746,9
747,10
748,11
749,12
750,13
751,14
752,15
753,16
754,6
755,7
756,8
757,9
758,10
759,11
760,12
761,13
762,14
763,15
764,16
765,6
766,7
767,8
768,9
769,10
770,11
771,12
772,13
773,14
774,15
775,16
776,6
777,7
778,8
779,9
780,10
781,11
782,12
783,13
784,14
785,15
786,16
787,6
788,7
789,8
790,9
791,10
792,11
793,12
794,13
795,14
796,15
797,16
798,6
799,7
800,8
801,9
802,10
803,11
804,12
805,13
806,14
807,15
808,16
809,6
810,7
811,8
812,9
813,10
814,11
815,12
816,13
817,14
818,15
819,16
820,6
821,7
822,8
823,9
824,10
825,11
826,12
827,13
828,14
829,15
830,16
831,6
832,7
833,8
834,9
835,10
836,11
837,12
838,13
839,14
840,15
841,16
842,6
843,7
844,8
845,9
846,10
847,11
848,12
849,13
850,14
851,15
852,16
853,6
854,7
855,8
856,9
857,10
858,11
859,12
860,13
861,14
862,15
863,16
864,6
865,7
866,8
867,9
868,10
869,11
870,12
871,13
872,14
873,15
874,16
875,6
876,7
877,8
878,9
879,10
880,11
881,12
882,13
883,14
884,15
885,16
886,17
887,18
888,19
889,20
890,21
891,22
892,17
893,18
894,19
895,20
896,21
897,22
898,17
899,18
900,19
901,20
902,21
903,22
904,17
905,18
906,19
907,20
908,21
909,22
910,17
911,18
912,19
913,20
914,21
915,22
916,17
917,18
918,19
919,20
920,21
921,22
922,17
923,18
924,19
925,20
926,21
927,22
928,17
929,18
930,19
931,20
932,21
933,22
934,17
935,18
936,19
937,20
938,21
939,22
940,17
941,18
942,19
943,20
944,21
945,22
946,17
947,18
948,19
949,20
950,21
951,22
952,17
953,18
954,19
955,20
956,21
957,22
958,17
959,18
960,19
961,20
962,21
963,22
964,17
965,18
966,19
967,20
968,21
969,22
970,17
971,18
972,19
973,20
974,21
975,22
976,17
977,18
978,19
979,20
980,21
981,22
982,17
983,18
984,19
985,20
986,21
987,22
988,17
989,18
990,19
991,20
992,21
993,22
994,17
995,18
996,19
997,20
998,21
999,22
1000,17
1001,18
1002,19
1003,20
1004,21
1005,22
1006,17
1007,18
1008,19
1009,20
1010,21
1011,22
1012,17
1013,18
1014,19
1015,20
1016,21
1017,22
1018,17
1019,18
1020,19
1021,20
1022,21
1023,22
1024,17
1025,18
1026,19
1027,20
1028,21
1029,22
1030,17
1031,18
1032,19
1033,20
1034,21
1035,22
1036,17
1037,18
1038,19
1039,20
1040,21
1041,22
1042,17
1043,18
1044,19
1045,20
1046,21
1047,22
1048,17
1049,18
1050,19
1051,20
1052,21
1053,22
1054,17
1055,18
1056,19
1057,20
1058,21
1059,22
1060,17
1061,18
1062,19
1063,20
1064,21
1065,22
1066,17
1067,18
1068,19
1069,20
1070,21
1071,22
1072,17
1073,18
1074,19
1075,20
1076,21
1077,22
1078,17
1079,18
1080,19
1081,20
1082,21
1083,22
1084,17
1085,18
1086,19
1087,20
1088,21
1089,22
1090,17
1091,18
1092,19
1093,20
1094,21
1095,22
1096,17
1097,18
1098,19
1099,20
1100,21
1101,22
1102,17
1103,18
1104,19
1105,20
1106,21
1107,22
1108,17
1109,18
1110,19
1111,20
1112,21
1113,22
1114,17
1115,18
1116,19
1117,20
1118,21
1119,22
1120,17
1121,18
1122,19
1123,20
1124,21
1125,22
1126,17
1127,18
1128,19
1129,20
1130,21
1131,22
1132,17
1133,18
1134,19
1135,20
1136,21
1137,22
1138,17
1139,18
1140,19
1141,20
1142,21
1143,22
1144,23
1145,24
1146,25
1147,26
1148,27
1149,28
1150,29
1151,23
1152,24
1153,25
1154,26
1155,27
1156,28
1157,29
1158,23
1159,24
1160,25
1161,26
1162,27
1163,28
1164,29
1165,23
1166,24
1167,25
1168,26
1169,27
1170,28
1171,29
1172,23
1173,24
1174,25
1175,26
1176,27
1177,28
1178,29
1179,23
1180,24
1181,25
1182,26
1183,27
1184,28
1185,29
1186,23
1187,24
1188,25
1189,26
1190,27
1191,28
1192,29
1193,23
1194,24
1195,25
1196,26
1197,27
1198,28
1199,29
1200,23
1201,24
1202,25
1203,26
1204,27
1205,28
1206,29
1207,23
1208,24
1209,25
1210,26
1211,27
1212,28
1213,29
1214,23
1215,24
1216,25
1217,26
1218,27
1219,28
1220,29
1221,23
1222,24
1223,25
1224,26
1225,27
1226,28
1227,29
1228,23
1229,24
1230,25
1231,26
1232,27
1233,28
1234,29
1235,23
1236,24
1237,25
1238,26
1239,27
1240,28
1241,29
1242,23
1243,24
1244,25
1245,26
1246,27
1247,28
1248,29
1249,23
1250,24
1251,25
1252,26
1253,27
1254,28
1255,29
1256,23
1257,24
1258,25
1259,26
1260,27
1261,28
1262,29
1263,23
1264,24
1265,25
1266,26
1267,27
1268,28
1269,29
1270,23
1271,24
1272,25
1273,26
1274,27
1275,28
1276,29
1277,23
1278,24
1279,25
1280,26
1281,27
1282,28
1283,29
1284,23
1285,24
1286,25
1287,26
1288,27
1289,28
1290,29
1291,23
1292,24
1293,25
1294,26
1295,27
1296,28
1297,29
1298,23
1299,24
1300,25
1301,26
1302,27
1303,28
1304,29
1305,23
1306,24
1307,25
1308,26
1309,27
1310,28
1311,29
1312,23
1313,24
1314,25
1315,26
1316,27
1317,28
1318,29
1319,23
1320,24
1321,25
1322,26
1323,27
1324,28
1325,29
1326,23
1327,24
1328,25
1329,26
1330,27
1331,28
1332,29
1333,23
1334,24
1335,25
1336,26
1337,27
1338,28
1339,29
1340,23
1341,24
1342,25
1343,26
1344,27
1345,28
1346,29
1347,23
1348,24
1349,25
1350,26
1351,27
1352,28
1353,29
1354,23
1355,24
1356,25
1357,26
1358,27
1359,28
1360,29
1361,23
1362,24
1363,25
1364,26
1365,27
1366,28
1367,29
1368,23
1369,24
1370,25
1371,26
1372,27
1373,28
1374,29
1375,23
1376,24
1377,25
1378,26
1379,27
1380,28
1381,29
1382,23
1383,24
1384,25
1385,26
1386,27
1387,28
1388,29
1389,23
1390,24
1391,25
1392,26
1393,27
1394,28
1395,29
1396,23
1397,24
1398,25
1399,26
1400,27
1401,28
1402,29
1403,23
1404,24
1405,25
1406,26
1407,27
1408,28
1409,29
1410,23
1411,24
1412,25
1413,26
1414,27
1415,28
1416,29
1417,23
1418,24
1419,25
1420,26
1421,27
1422,28
1423,29
1424,23
1425,24
1426,25
1427,26
1428,27
1429,28
1430,29
1431,23
1432,24
1433,25
1434,26
1435,27
1436,28
1437,29
1438,23
1439,24
1440,25
1441,26
1442,27
1443,28
1444,29
1445,23
1446,24
1447,25
1448,26
1449,27
1450,28
1451,29
1452,23
1453,24
1454,25
1455,26
1456,27
1457,28
1458,29
1459,23
1460,24
1461,25
1462,26
1463,27
1464,28
1465,29
1466,23
1467,24
1468,25
1469,26
1470,27
1471,28
1472,29
1473,23
1474,24
1475,25
1476,26
1477,27
1478,28
1479,29
1480,23
1481,24
1482,25
1483,26
1484,27
1485,28
1486,29
1487,23
1488,24
1489,25
1490,26
1491,27
1492,28
1493,29
1494,23
1495,24
1496,25
1497,26
1498,27
1499,28
1500,29
1501,23
1502,24
1503,25
1504,26
1505,27
1506,28
1507,29
1508,23
1509,24
1510,25
1511,26
1512,27
1513,28
1514,29
1515,23
1516,24
1517,25
1518,26
1519,27
1520,28
1521,29
1522,23
1523,24
1524,25
1525,26
1526,27
1527,28
1528,29
1529,30
1530,31
1531,32
1532,30
1533,31
1534,32
1535,30
1536,31
1537,32
1538,30
1539,31
1540,32
1541,30
1542,31
1543,32
1544,30
1545,31
1546,32
1547,30
1548,31
1549,32
1550,30
1551,31
1552,32
1553,30
1554,31
1555,32
1556,30
1557,31
1558,32
1559,30
1560,31
1561,32
1562,30
1563,31
1564,32
1565,30
1566,31
1567,32
1568,30
1569,31
1570,32
1571,30
1572,31
1573,32
1574,30
1575,31
1576,32
1577,30
1578,31
1579,32
1580,30
1581,31
1582,32
1583,30
1584,31
1585,32
1586,30
1587,31
1588,32
1589,30
1590,31
1591,32
1592,30
1593,31
1594,32
1595,30
1596,31
1597,32
1598,30
1599,31
1600,32
1601,30
1602,31
1603,32
1604,30
1605,31
1606,32
1607,30
1608,31
1609,32
1610,30
1611,31
1612,32
1613,30
1614,31
1615,32
1616,30
1617,31
1618,32
1619,30
1620,31
1621,32
1622,30
1623,31
1624,32
1625,30
1626,31
1627,32
1628,30
1629,31
1630,32
1631,30
1632,31
1633,32
1634,30
1635,31
1636,32
1637,30
1638,31
1639,32
1640,30
1641,31
1642,32
1643,30
1644,31
1645,32
1646,30
1647,31
1648,32
1649,30
1650,31
1651,32
1652,30
1653,31
1654,32
1655,30
1656,31
1657,32
1658,30
1659,31
1660,32
1661,30
1662,31
1663,32
1664,30
1665,31
1666,32
1667,30
1668,31
1669,32
1670,30
1671,31
1672,32
1673,30
1674,31
1675,32
1676,30
1677,31
1678,32
1679,30
1680,31
1681,32
1682,30
1683,31
1684,32
1685,33
1686,34
1687,35
1688,36
1689,33
1690,34
1691,35
1692,36
1693,33
1694,34
1695,35
1696,36
1697,33
1698,34
1699,35
1700,36
1701,33
1702,34
1703,35
1704,36
1705,33
1706,34
1707,35
1708,36
1709,33
1710,34
1711,35
1712,36
1713,33
1714,34
1715,35
1716,36
1717,33
1718,34
1719,35
1720,36
1721,33
1722,34
1723,35
1724,36
1725,33
1726,34
1727,35
1728,36
1729,33
1730,34
1731,35
1732,36
1733,33
1734,34
1735,35
1736,36
1737,33
1738,34
1739,35
1740,36
1741,33
1742,34
1743,35
1744,36
1745,33
1746,34
1747,35
1748,36
1749,33
1750,34
1751,35
1752,36
1753,33
1754,34
1755,35
1756,36
1757,33
1758,34
1759,35
1760,36
1761,33
1762,34
1763,35
1764,36
1765,33
1766,34
1767,35
1768,36
1769,33
1770,34
1771,35
1772,36
1773,33
1774,34
1775,35
1776,36
1777,33
1778,34
1779,35
1780,36
1781,33
1782,34
1783,35
1784,36
1785,33
1786,34
1787,35
1788,36
1789,33
1790,34
1791,35
1792,36
1793,33
1794,34
1795,35
1796,36
1797,33
1798,34
1799,35
1800,36
1801,33
1802,34
1803,35
1804,36
1805,33
1806,34
1807,35
1808,36
1809,33
1810,34
1811,35
1812,36
1813,33
1814,34
1815,35
1816,36
1817,33
1818,34
1819,35
1820,36
1821,33
1822,34
1823,35
1824,36
1825,33
1826,34
1827,35
1828,36
1829,33
1830,34
1831,35
1832,36
1833,33
1834,34
1835,35
1836,36
1837,33
1838,34
1839,35
1840,36
1841,33
1842,34
1843,35
1844,36
1845,33
1846,34
1847,35
1848,36
1849,33
1850,34
1851,35
1852,36
1853,33
1854,34
1855,35
1856,36
1857,33
1858,34
1859,35
1860,36
1861,33
1862,34
1863,35
1864,36
1865,33
1866,34
1867,35
1868,36
1869,33
1870,34
1871,35
1872,36
1873,33
1874,34
1875,35
1876,36
1877,33
1878,34
1879,35
1880,36
1881,33
1882,34
1883,35
1884,36
1885,33
1886,34
1887,35
1888,36
1889,33
1890,34
1891,35
1892,36
1893,37
1894,38
1895,37
1896,38
1897,37
1898,38
1899,37
1900,38
1901,37
1902,38
1903,37
1904,38
1905,37
1906,38
1907,37
1908,38
1909,37
1910,38
1911,37
1912,38
1913,37
1914,38
1915,37
1916,38
1917,37
1918,38
1919,37
1920,38
1921,37
1922,38
1923,37
1924,38
1925,37
1926,38
1927,37
1928,38
1929,37
1930,38
1931,37
1932,38
1933,37
1934,38
1935,37
1936,38
1937,37
1938,38
1939,37
1940,38
1941,37
1942,38
1943,37
1944,38
1945,37
1946,38
1947,37
1948,38
1949,37
1950,38
1951,37
1952,38
1953,37
1954,38
1955,37
1956,38
1957,37
1958,38
1959,37
1960,38
1961,37
1962,38
1963,37
1964,38
1965,37
1966,38
1967,37
1968,38
1969,37
1970,38
1971,37
1972,38
1973,37
1974,38
1975,37
1976,38
1977,37
1978,38
1979,37
1980,38
1981,37
1982,38
1983,37
1984,38
1985,39
1986,40
1987,41
1988,42
1989,43
1990,39
1991,40
1992,41
1993,42
1994,43
1995,39
1996,40
1997,41
1998,42
1999,43
2000,39
2001,40
2002,41
2003,42
2004,43
2005,39
2006,40
2007,41
2008,42
2009,43
2010,39
2011,40
2012,41
2013,42
2014,43
2015,39
2016,40
2017,41
2018,42
2019,43
2020,39
2021,40
2022,41
2023,42
2024,43
2025,39
2026,40
2027,41
2028,42
2029,43
2030,39
2031,40
2032,41
2033,42
2034,43
2035,39
2036,40
2037,41
2038,42
2039,43
2040,39
2041,40
2042,41
2043,42
2044,43
2045,39
2046,40
2047,41
2048,42
2049,43
2050,39
2051,40
2052,41
2053,42
2054,43
2055,39
2056,40
2057,41
2058,42
2059,43
2060,39
2061,40
2062,41
2063,42
2064,43
2065,39
2066,40
2067,41
2068,42
2069,43
2070,39
2071,40
2072,41
2073,42
2074,43
2075,39
2076,40
2077,41
2078,42
2079,43
2080,39
2081,40
2082,41
2083,42
2084,43
2085,39
2086,40
2087,41
2088,42
2089,43
2090,39
2091,40
2092,41
2093,42
2094,43
2095,39
2096,40
2097,41
2098,42
2099,43
2100,39
2101,40
2102,41
2103,42
2104,43
2105,39
2106,40
2107,41
2108,42
2109,43
2110,39
2111,40
2112,41
2113,42
2114,43
2115,39
2116,40
2117,41
2118,42
2119,43
2120,39
2121,40
2122,41
2123,42
2124,43
2125,39
2126,40
2127,41
2128,42
2129,43
2130,39
2131,40
2132,41
2133,42
2134,43
2135,39
2136,40
2137,41
2138,42
2139,43
2140,39
2141,40
2142,41
2143,42
2144,43
2145,39
2146,40
2147,41
2148,42
2149,43
2150,39
2151,40
2152,41
2153,42
2154,43
2155,39
2156,40
2157,41
2158,42
2159,43
2160,39
2161,40
2162,41
2163,42
2164,43
2165,39
2166,40
2167,41
2168,42
2169,43
2170,39
2171,40
2172,41
2173,42
2174,43
2175,39
2176,40
2177,41
2178,42
2179,43
2180,39
2181,40
2182,41
2183,42
2184,43
2185,39
2186,40
2187,41
2188,42
2189,43
2190,39
2191,40
2192,41
2193,42
2194,43
2195,39
2196,40
2197,41
2198,42
2199,43
2200,39
2201,40
2202,41
2203,42
2204,43
2205,39
2206,40
2207,41
2208,42
2209,43
2210,39
2211,40
2212,41
2213,42
2214,43
2215,39
2216,40
2217,41
2218,42
2219,43
2220,39
2221,40
2222,41
2223,42
2224,43
2225,44
2226,45
2227,46
2228,47
2229,48
2230,49
2231,50
2232,51
2233,52
2234,53
2235,44
2236,45
2237,46
2238,47
2239,48
2240,49
2241,50
2242,51
2243,52
2244,53
2245,44
2246,45
2247,46
2248,47
2249,48
2250,49
2251,50
2252,51
2253,52
2254,53
2255,44
2256,45
2257,46
2258,47
2259,48
2260,49
2261,50
2262,51
2263,52
2264,53
2265,44
2266,45
2267,46
2268,47
2269,48
2270,49
2271,50
2272,51
2273,52
2274,53
2275,44
2276,45
2277,46
2278,47
2279,48
2280,49
2281,50
2282,51
2283,52
2284,53
2285,44
2286,45
2287,46
2288,47
2289,48
2290,49
2291,50
2292,51
2293,52
2294,53
2295,44
2296,45
2297,46
2298,47
2299,48
2300,49
2301,50
2302,51
2303,52
2304,53
2305,44
2306,45
2307,46
2308,47
2309,48
2310,49
2311,50
2312,51
2313,52
2314,53
2315,44
2316,45
2317,46
2318,47
2319,48
2320,49
2321,50
2322,51
2323,52
2324,53
2325,44
2326,45
2327,46
2328,47
2329,48
2330,49
2331,50
2332,51
2333,52
2334,53
2335,44
2336,45
2337,46
2338,47
2339,48
2340,49
2341,50
2342,51
2343,52
2344,53
2345,44
2346,45
2347,46
2348,47
2349,48
2350,49
2351,50
2352,51
2353,52
2354,53
2355,44
2356,45
2357,46
2358,47
2359,48
2360,49
2361,50
2362,51
2363,52
2364,53
2365,44
2366,45
2367,46
2368,47
2369,48
2370,49
2371,50
2372,51
2373,52
2374,53
2375,44
2376,45
2377,46
2378,47
2379,48
2380,49
2381,50
2382,51
2383,52
2384,53
2385,44
2386,45
2387,46
2388,47
2389,48
2390,49
2391,50
2392,51
2393,52
2394,53
2395,44
2396,45
2397,46
2398,47
2399,48
2400,49
2401,50
2402,51
2403,52
2404,53
2405,44
2406,45
2407,46
2408,47
2409,48
2410,49
2411,50
2412,51
2413,52
2414,53
2415,44
2416,45
2417,46
2418,47
2419,48
2420,49
2421,50
2422,51
2423,52
2424,53
2425,44
2426,45
2427,46
2428,47
2429,48
2430,49
2431,50
2432,51
2433,52
2434,53
2435,44
2436,45
2437,46
2438,47
2439,48
2440,49
2441,50
2442,51
2443,52
2444,53
2445,44
2446,45
2447,46
2448,47
2449,48
2450,49
2451,50
2452,51
2453,52
2454,53
2455,44
2456,45
2457,46
2458,47
2459,48
2460,49
2461,50
2462,51
2463,52
2464,53
2465,44
2466,45
2467,46
2468,47
2469,48
2470,49
2471,50
2472,51
2473,52
2474,53
2475,44
2476,45
2477,46
2478,47
2479,48
2480,49
2481,50
2482,51
2483,52
2484,53
2485,44
2486,45
2487,46
2488,47
2489,48
2490,49
2491,50
2492,51
2493,52
2494,53
2495,44
2496,45
2497,46
2498,47
2499,48
2500,49
2501,50
2502,51
2503,52
2504,53
2505,44
2506,45
2507,46
2508,47
2509,48
2510,49
2511,50
2512,51
2513,52
2514,53
2515,44
2516,45
2517,46
2518,47
2519,48
2520,49
2521,50
2522,51
2523,52
2524,53
2525,44
2526,45
2527,46
2528,47
2529,48
2530,49
2531,50
2532,51
2533,52
2534,53
2535,44
2536,45
2537,46
2538,47
2539,48
2540,49
2541,50
2542,51
2543,52
2544,53
2545,44
2546,45
2547,46
2548,47
2549,48
2550,49
2551,50
2552,51
2553,52
2554,53
2555,44
2556,45
2557,46
2558,47
2559,48
2560,49
2561,50
2562,51
2563,52
2564,53
2565,44
2566,45
2567,46
2568,47
2569,48
2570,49
2571,50
2572,51
2573,52
2574,53
2575,44
2576,45
2577,46
2578,47
2579,48
2580,49
2581,50
2582,51
2583,52
2584,53
2585,44
2586,45
2587,46
2588,47
2589,48
2590,49
2591,50
2592,51
2593,52
2594,53
2595,44
2596,45
2597,46
2598,47
2599,48
2600,49
2601,50
2602,51
2603,52
2604,53
2605,44
2606,45
2607,46
2608,47
2609,48
2610,49
2611,50
2612,51
2613,52
2614,53
2615,44
2616,45
2617,46
2618,47
2619,48
2620,49
2621,50
2622,51
2623,52
2624,53
2625,44
2626,45
2627,46
2628,47
2629,48
2630,49
2631,50
2632,51
2633,52
2634,53
2635,44
2636,45
2637,46
2638,47
2639,48
2640,49
2641,50
2642,51
2643,52
2644,53
2645,44
2646,45
2647,46
2648,47
2649,48
2650,49
2651,50
2652,51
2653,52
2654,53
2655,44
2656,45
2657,46
2658,47
2659,48
2660,49
2661,50
2662,51
2663,52
2664,53
2665,44
2666,45
2667,46
2668,47
2669,48
2670,49
2671,50
2672,51
2673,52
2674,53
2675,44
2676,45
2677,46
2678,47
2679,48
2680,49
2681,50
2682,51
2683,52
2684,53
2685,44
2686,45
2687,46
2688,47
2689,48
2690,49
2691,50
2692,51
2693,52
2694,53
2695,44
2696,45
2697,46
2698,47
2699,48
2700,49
2701,50
2702,51
2703,52
2704,53
2705,44
2706,45
2707,46
2708,47
2709,48
2710,49
2711,50
2712,51
2713,52
2714,53
2715,44
2716,45
2717,46
2718,47
2719,48
2720,49
2721,50
2722,51
2723,52
2724,53
2725,44
2726,45
2727,46
2728,47
2729,48
2730,49
2731,50
2732,51
2733,52
2734,53
2735,44
2736,45
2737,46
2738,47
2739,48
2740,49
2741,50
2742,51
2743,52
2744,53
2745,44
2746,45
2747,46
2748,47
2749,48
2750,49
2751,50
2752,51
2753,52
2754,53
2755,44
2756,45
2757,46
2758,47
2759,48
2760,49
2761,50
2762,51
2763,52
2764,53
2765,44
2766,45
2767,46
2768,47
2769,48
2770,49
2771,50
2772,51
2773,52
2774,53
2775,44
2776,45
2777,46
2778,47
2779,48
2780,49
2781,50
2782,51
2783,52
2784,53
2785,44
2786,45
2787,46
2788,47
2789,48
2790,49
2791,50
2792,51
2793,52
2794,53
2795,44
2796,45
2797,46
2798,47
2799,48
2800,49
2801,50
2802,51
2803,52
2804,53
2805,44
2806,45
2807,46
2808,47
2809,48
2810,49
2811,50
2812,51
2813,52
2814,53
2815,44
2816,45
2817,46
2818,47
2819,48
2820,49
2821,50
2822,51
2823,52
2824,53
2825,44
2826,45
2827,46
2828,47
2829,48
2830,49
2831,50
2832,51
2833,52
2834,53
2835,44
2836,45
2837,46
2838,47
2839,48
2840,49
2841,50
2842,51
2843,52
2844,53
2845,44
2846,45
2847,46
2848,47
2849,48
2850,49
2851,50
2852,51
2853,52
2854,53
2855,54
2856,55
2857,56
2858,57
2859,58
2860,59
2861,54
2862,55
2863,56
2864,57
2865,58
2866,59
2867,54
2868,55
2869,56
2870,57
2871,58
2872,59
2873,54
2874,55
2875,56
2876,57
2877,58
2878,59
2879,54
2880,55
2881,56
2882,57
2883,58
2884,59
2885,54
2886,55
2887,56
2888,57
2889,58
2890,59
2891,54
2892,55
2893,56
2894,57
2895,58
2896,59
2897,54
2898,55
2899,56
2900,57
2901,58
2902,59
2903,54
2904,55
2905,56
2906,57
2907,58
2908,59
2909,54
2910,55
2911,56
2912,57
2913,58
2914,59
2915,54
2916,55
2917,56
2918,57
2919,58
2920,59
2921,54
2922,55
2923,56
2924,57
2925,58
2926,59
2927,54
2928,55
2929,56
2930,57
2931,58
2932,59
2933,54
2934,55
2935,56
2936,57
2937,58
2938,59
2939,54
2940,55
2941,56
2942,57
2943,58
2944,59
2945,54
2946,55
2947,56
2948,57
2949,58
2950,59
2951,54
2952,55
2953,56
2954,57
2955,58
2956,59
2957,54
2958,55
2959,56
2960,57
2961,58
2962,59
2963,54
2964,55
2965,56
2966,57
2967,58
2968,59
2969,54
2970,55
2971,56
2972,57
2973,58
2974,59
2975,54
2976,55
2977,56
2978,57
2979,58
2980,59
2981,54
2982,55
2983,56
2984,57
2985,58
2986,59
2987,54
2988,55
2989,56
2990,57
2991,58
2992,59
2993,54
2994,55
2995,56
2996,57
2997,58
2998,59
2999,54
3000,55
3001,56
3002,57
3003,58
3004,59
3005,54
3006,55
3007,56
3008,57
3009,58
3010,59
3011,54
3012,55
3013,56
3014,57
3015,58
3016,59
3017,54
3018,55
3019,56
3020,57
3021,58
3022,59
3023,54
3024,55
3025,56
3026,57
3027,58
3028,59
3029,54
3030,55
3031,56
3032,57
3033,58
3034,59
3035,54
3036,55
3037,56
3038,57
3039,58
3040,59
3041,54
3042,55
3043,56
3044,57
3045,58
3046,59
3047,54
3048,55
3049,56
3050,57
3051,58
3052,59
3053,54
3054,55
3055,56
3056,57
3057,58
3058,59
3059,54
3060,55
3061,56
3062,57
3063,58
3064,59
3065,60
3066,61
3067,62
3068,63
3069,64
3070,65
3071,66
3072,67
3073,60
3074,61
3075,62
3076,63
3077,64
3078,65
3079,66
3080,67
3081,60
3082,61
3083,62
3084,63
3085,64
3086,65
3087,66
3088,67
3089,60
3090,61
3091,62
3092,63
3093,64
3094,65
3095,66
3096,67
3097,60
3098,61
3099,62
3100,63
3101,64
3102,65
3103,66
3104,67
3105,60
3106,61
3107,62
3108,63
3109,64
3110,65
3111,66
3112,67
3113,60
3114,61
3115,62
3116,63
3117,64
3118,65
3119,66
3120,67
3121,60
3122,61
3123,62
3124,63
3125,64
3126,65
3127,66
3128,67
3129,60
3130,61
3131,62
3132,63
3133,64
3134,65
3135,66
3136,67
3137,60
3138,61
3139,62
3140,63
3141,64
3142,65
3143,66
3144,67
3145,60
3146,61
3147,62
3148,63
3149,64
3150,65
3151,66
3152,67
3153,60
3154,61
3155,62
3156,63
3157,64
3158,65
3159,66
3160,67
3161,60
3162,61
3163,62
3164,63
3165,64
3166,65
3167,66
3168,67
3169,60
3170,61
3171,62
3172,63
3173,64
3174,65
3175,66
3176,67
3177,60
3178,61
3179,62
3180,63
3181,64
3182,65
3183,66
3184,67
3185,60
3186,61
3187,62
3188,63
3189,64
3190,65
3191,66
3192,67
3193,60
3194,61
3195,62
3196,63
3197,64
3198,65
3199,66
3200,67
3201,60
3202,61
3203,62
3204,63
3205,64
3206,65
3207,66
3208,67
3209,60
3210,61
3211,62
3212,63
3213,64
3214,65
3215,66
3216,67
3217,60
3218,61
3219,62
3220,63
3221,64
3222,65
3223,66
3224,67
3225,60
3226,61
3227,62
3228,63
3229,64
3230,65
3231,66
3232,67
3233,60
3234,61
3235,62
3236,63
3237,64
3238,65
3239,66
3240,67
3241,60
3242,61
3243,62
3244,63
3245,64
3246,65
3247,66
3248,67
3249,60
3250,61
3251,62
3252,63
3253,64
3254,65
3255,66
3256,67
3257,60
3258,61
3259,62
3260,63
3261,64
3262,65
3263,66
3264,67
3265,60
3266,61
3267,62
3268,63
3269,64
3270,65
3271,66
3272,67
3273,60
3274,61
3275,62
3276,63
3277,64
3278,65
3279,66
3280,67
3281,60
3282,61
3283,62
3284,63
3285,64
3286,65
3287,66
3288,67
3289,60
3290,61
3291,62
3292,63
3293,64
3294,65
3295,66
3296,67
3297,60
3298,61
3299,62
3300,63
3301,64
3302,65
3303,66
3304,67
3305,60
3306,61
3307,62
3308,63
3309,64
3310,65
3311,66
3312,67
3313,60
3314,61
3315,62
3316,63
3317,64
3318,65
3319,66
3320,67
3321,60
3322,61
3323,62
3324,63
3325,64
3326,65
3327,66
3328,67
3329,60
3330,61
3331,62
3332,63
3333,64
3334,65
3335,66
3336,67
3337,60
3338,61
3339,62
3340,63
3341,64
3342,65
3343,66
3344,67
3345,60
3346,61
3347,62
3348,63
3349,64
3350,65
3351,66
3352,67
3353,60
3354,61
3355,62
3356,63
3357,64
3358,65
3359,66
3360,67
3361,60
3362,61
3363,62
3364,63
3365,64
3366,65
3367,66
3368,67
3369,60
3370,61
3371,62
3372,63
3373,64
3374,65
3375,66
3376,67
3377,60
3378,61
3379,62
3380,63
3381,64
3382,65
3383,66
3384,67
3385,60
3386,61
3387,62
3388,63
3389,64
3390,65
3391,66
3392,67
3393,60
3394,61
3395,62
3396,63
3397,64
3398,65
3399,66
3400,67
3401,68
3402,69
3403,70
3404,71
3405,68
3406,69
3407,70
3408,71
3409,68
3410,69
3411,70
3412,71
3413,68
3414,69
3415,70
3416,71
3417,68
3418,69
3419,70
3420,71
3421,68
3422,69
3423,70
3424,71
3425,68
3426,69
3427,70
3428,71
3429,68
3430,69
3431,70
3432,71
3433,68
3434,69
3435,70
3436,71
3437,68
3438,69
3439,70
3440,71
3441,68
3442,69
3443,70
3444,71
3445,68
3446,69
3447,70
3448,71
3449,68
3450,69
3451,70
3452,71
3453,68
3454,69
3455,70
3456,71
3457,68
3458,69
3459,70
3460,71
3461,68
3462,69
3463,70
3464,71
3465,68
3466,69
3467,70
3468,71
3469,68
3470,69
3471,70
3472,71
3473,68
3474,69
3475,70
3476,71
3477,68
3478,69
3479,70
3480,71
3481,68
3482,69
3483,70
3484,71
3485,68
3486,69
3487,70
3488,71
3489,68
3490,69
3491,70
3492,71
3493,68
3494,69
3495,70
3496,71
3497,68
3498,69
3499,70
3500,71
3501,68
3502,69
3503,70
3504,71
3505,68
3506,69
3507,70
3508,71
3509,68
3510,69
3511,70
3512,71
3513,68
3514,69
3515,70
3516,71
3517,68
3518,69
3519,70
3520,71
3521,68
3522,69
3523,70
3524,71
3525,68
3526,69
3527,70
3528,71
3529,68
3530,69
3531,70
3532,71
3533,68
3534,69
3535,70
3536,71
3537,68
3538,69
3539,70
3540,71
3541,68
3542,69
3543,70
3544,71
3545,68
3546,69
3547,70
3548,71
3549,68
3550,69
3551,70
3552,71
3553,68
3554,69
3555,70
3556,71
3557,68
3558,69
3559,70
3560,71
3561,68
3562,69
3563,70
3564,71
3565,68
3566,69
3567,70
3568,71
3569,68
3570,69
3571,70
3572,71
3573,68
3574,69
3575,70
3576,71
3577,68
3578,69
3579,70
3580,71
3581,68
3582,69
3583,70
3584,71
3585,68
3586,69
3587,70
3588,71
3589,68
3590,69
3591,70
3592,71
3593,68
3594,69
3595,70
3596,71
3597,68
3598,69
3599,70
3600,71
3601,68
3602,69
3603,70
3604,71
3605,68
3606,69
3607,70
3608,71
3609,68
3610,69
3611,70
3612,71
3613,72
3614,73
3615,74
3616,75
3617,76
3618,77
3619,78
3620,79
3621,80
3622,81
3623,82
3624,72
3625,73
3626,74
3627,75
3628,76
3629,77
3630,78
3631,79
3632,80
3633,81
3634,82
3635,72
3636,73
3637,74
3638,75
3639,76
3640,77
3641,78
3642,79
3643,80
3644,81
3645,82
3646,72
3647,73
3648,74
3649,75
3650,76
3651,77
3652,78
3653,79
3654,80
3655,81
3656,82
3657,72
3658,73
3659,74
3660,75
3661,76
3662,77
3663,78
3664,79
3665,80
3666,81
3667,82
3668,72
3669,73
3670,74
3671,75
3672,76
3673,77
3674,78
3675,79
3676,80
3677,81
3678,82
3679,72
3680,73
3681,74
3682,75
3683,76
3684,77
3685,78
3686,79
3687,80
3688,81
3689,82
3690,72
3691,73
3692,74
3693,75
3694,76
3695,77
3696,78
3697,79
3698,80
3699,81
3700,82
3701,72
3702,73
3703,74
3704,75
3705,76
3706,77
3707,78
3708,79
3709,80
3710,81
3711,82
3712,72
3713,73
3714,74
3715,75
3716,76
3717,77
3718,78
3719,79
3720,80
3721,81
3722,82
3723,72
3724,73
3725,74
3726,75
3727,76
3728,77
3729,78
3730,79
3731,80
3732,81
3733,82
3734,72
3735,73
3736,74
3737,75
3738,76
3739,77
3740,78
3741,79
3742,80
3743,81
3744,82
3745,72
3746,73
3747,74
3748,75
3749,76
3750,77
3751,78
3752,79
3753,80
3754,81
3755,82
3756,72
3757,73
3758,74
3759,75
3760,76
3761,77
3762,78
3763,79
3764,80
3765,81
3766,82
3767,72
3768,73
3769,74
3770,75
3771,76
3772,77
3773,78
3774,79
3775,80
3776,81
3777,82
3778,72
3779,73
3780,74
3781,75
3782,76
3783,77
3784,78
3785,79
3786,80
3787,81
3788,82
3789,72
3790,73
3791,74
3792,75
3793,76
3794,77
3795,78
3796,79
3797,80
3798,81
3799,82
3800,72
3801,73
3802,74
3803,75
3804,76
3805,77
3806,78
3807,79
3808,80
3809,81
3810,82
3811,72
3812,73
3813,74
3814,75
3815,76
3816,77
3817,78
3818,79
3819,80
3820,81
3821,82
3822,72
3823,73
3824,74
3825,75
3826,76
3827,77
3828,78
3829,79
3830,80
3831,81
3832,82
3833,72
3834,73
3835,74
3836,75
3837,76
3838,77
3839,78
3840,79
3841,80
3842,81
3843,82
3844,72
3845,73
3846,74
3847,75
3848,76
3849,77
3850,78
3851,79
3852,80
3853,81
3854,82
3855,72
3856,73
3857,74
3858,75
3859,76
3860,77
3861,78
3862,79
3863,80
3864,81
3865,82
3866,72
3867,73
3868,74
3869,75
3870,76
3871,77
3872,78
3873,79
3874,80
3875,81
3876,82
3877,72
3878,73
3879,74
3880,75
3881,76
3882,77
3883,78
3884,79
3885,80
3886,81
3887,82
3888,72
3889,73
3890,74
3891,75
3892,76
3893,77
3894,78
3895,79
3896,80
3897,81
3898,82
3899,72
3900,73
3901,74
3902,75
3903,76
3904,77
3905,78
3906,79
3907,80
3908,81
3909,82
3910,72
3911,73
3912,74
3913,75
3914,76
3915,77
3916,78
3917,79
3918,80
3919,81
3920,82
3921,72
3922,73
3923,74
3924,75
3925,76
3926,77
3927,78
3928,79
3929,80
3930,81
3931,82
3932,72
3933,73
3934,74
3935,75
3936,76
3937,77
3938,78
3939,79
3940,80
3941,81
3942,82
3943,72
3944,73
3945,74
3946,75
3947,76
3948,77
3949,78
3950,79
3951,80
3952,81
3953,82
3954,72
3955,73
3956,74
3957,75
3958,76
3959,77
3960,78
3961,79
3962,80
3963,81
3964,82
3965,72
3966,73
3967,74
3968,75
3969,76
3970,77
3971,78
3972,79
3973,80
3974,81
3975,82
3976,72
3977,73
3978,74
3979,75
3980,76
3981,77
3982,78
3983,79
3984,80
3985,81
3986,82
3987,72
3988,73
3989,74
3990,75
3991,76
3992,77
3993,78
3994,79
3995,80
3996,81
3997,82
3998,72
3999,73
4000,74
4001,75
4002,76
4003,77
4004,78
4005,79
4006,80
4007,81
4008,82
4009,72
4010,73
4011,74
4012,75
4013,76
4014,77
4015,78
4016,79
4017,80
4018,81
4019,82
4020,72
4021,73
4022,74
4023,75
4024,76
4025,77
4026,78
4027,79
4028,80
4029,81
4030,82
4031,72
4032,73
4033,74
4034,75
4035,76
4036,77
4037,78
4038,79
4039,80
4040,81
4041,82
4042,72
4043,73
4044,74
4045,75
4046,76
4047,77
4048,78
4049,79
4050,80
4051,81
4052,82
4053,72
4054,73
4055,74
4056,75
4057,76
4058,77
4059,78
4060,79
4061,80
4062,81
4063,82
4064,72
4065,73
4066,74
4067,75
4068,76
4069,77
4070,78
4071,79
4072,80
4073,81
4074,82
4075,72
4076,73
4077,74
4078,75
4079,76
4080,77
4081,78
4082,79
4083,80
4084,81
4085,82
4086,72
4087,73
4088,74
4089,75
4090,76
4091,77
4092,78
4093,79
4094,80
4095,81
4096,82
4097,72
4098,73
4099,74
4100,75
4101,76
4102,77
4103,78
4104,79
4105,80
4106,81
4107,82
4108,72
4109,73
4110,74
4111,75
4112,76
4113,77
4114,78
4115,79
4116,80
4117,81
4118,82
4119,72
4120,73
4121,74
4122,75
4123,76
4124,77
4125,78
4126,79
4127,80
4128,81
4129,82
4130,72
4131,73
4132,74
4133,75
4134,76
4135,77
4136,78
4137,79
4138,80
4139,81
4140,82
4141,83
4142,84
4143,85
4144,86
4145,87
4146,88
4147,89
4148,90
4149,91
4150,92
4151,83
4152,84
4153,85
4154,86
4155,87
4156,88
4157,89
4158,90
4159,91
4160,92
4161,83
4162,84
4163,85
4164,86
4165,87
4166,88
4167,89
4168,90
4169,91
4170,92
4171,83
4172,84
4173,85
4174,86
4175,87
4176,88
4177,89
4178,90
4179,91
4180,92
4181,83
4182,84
4183,85
4184,86
4185,87
4186,88
4187,89
4188,90
4189,91
4190,92
4191,83
4192,84
4193,85
4194,86
4195,87
4196,88
4197,89
4198,90
4199,91
4200,92
4201,83
4202,84
4203,85
4204,86
4205,87
4206,88
4207,89
4208,90
4209,91
4210,92
4211,83
4212,84
4213,85
4214,86
4215,87
4216,88
4217,89
4218,90
4219,91
4220,92
4221,83
4222,84
4223,85
4224,86
4225,87
4226,88
4227,89
4228,90
4229,91
4230,92
4231,83
4232,84
4233,85
4234,86
4235,87
4236,88
4237,89
4238,90
4239,91
4240,92
4241,83
4242,84
4243,85
4244,86
4245,87
4246,88
4247,89
4248,90
4249,91
4250,92
4251,83
4252,84
4253,85
4254,86
4255,87
4256,88
4257,89
4258,90
4259,91
4260,92
4261,83
4262,84
4263,85
4264,86
4265,87
4266,88
4267,89
4268,90
4269,91
4270,92
4271,83
4272,84
4273,85
4274,86
4275,87
4276,88
4277,89
4278,90
4279,91
4280,92
4281,83
4282,84
4283,85
4284,86
4285,87
4286,88
4287,89
4288,90
4289,91
4290,92
4291,83
4292,84
4293,85
4294,86
4295,87
4296,88
4297,89
4298,90
4299,91
4300,92
4301,83
4302,84
4303,85
4304,86
4305,87
4306,88
4307,89
4308,90
4309,91
4310,92
4311,83
4312,84
4313,85
4314,86
4315,87
4316,88
4317,89
4318,90
4319,91
4320,92
4321,83
4322,84
4323,85
4324,86
4325,87
4326,88
4327,89
4328,90
4329,91
4330,92
4331,83
4332,84
4333,85
4334,86
4335,87
4336,88
4337,89
4338,90
4339,91
4340,92
4341,83
4342,84
4343,85
4344,86
4345,87
4346,88
4347,89
4348,90
4349,91
4350,92
4351,83
4352,84
4353,85
4354,86
4355,87
4356,88
4357,89
4358,90
4359,91
4360,92
4361,83
4362,84
4363,85
4364,86
4365,87
4366,88
4367,89
4368,90
4369,91
4370,92
4371,83
4372,84
4373,85
4374,86
4375,87
4376,88
4377,89
4378,90
4379,91
4380,92
4381,83
4382,84
4383,85
4384,86
4385,87
4386,88
4387,89
4388,90
4389,91
4390,92
4391,83
4392,84
4393,85
4394,86
4395,87
4396,88
4397,89
4398,90
4399,91
4400,92
4401,83
4402,84
4403,85
4404,86
4405,87
4406,88
4407,89
4408,90
4409,91
4410,92
4411,83
4412,84
4413,85
4414,86
4415,87
4416,88
4417,89
4418,90
4419,91
4420,92
4421,83
4422,84
4423,85
4424,86
4425,87
4426,88
4427,89
4428,90
4429,91
4430,92
4431,83
4432,84
4433,85
4434,86
4435,87
4436,88
4437,89
4438,90
4439,91
4440,92
4441,83
4442,84
4443,85
4444,86
4445,87
4446,88
4447,89
4448,90
4449,91
4450,92
4451,83
4452,84
4453,85
4454,86
4455,87
4456,88
4457,89
4458,90
4459,91
4460,92
4461,83
4462,84
4463,85
4464,86
4465,87
4466,88
4467,89
4468,90
4469,91
4470,92
4471,83
4472,84
4473,85
4474,86
4475,87
4476,88
4477,89
4478,90
4479,91
4480,92
4481,83
4482,84
4483,85
4484,86
4485,87
4486,88
4487,89
4488,90
4489,91
4490,92
4491,83
4492,84
4493,85
4494,86
4495,87
4496,88
4497,89
4498,90
4499,91
4500,92
4501,83
4502,84
4503,85
4504,86
4505,87
4506,88
4507,89
4508,90
4509,91
4510,92
4511,83
4512,84
4513,85
4514,86
4515,87
4516,88
4517,89
4518,90
4519,91
4520,92
4521,83
4522,84
4523,85
4524,86
4525,87
4526,88
4527,89
4528,90
4529,91
4530,92
4531,83
4532,84
4533,85
4534,86
4535,87
4536,88
4537,89
4538,90
4539,91
4540,92
4541,83
4542,84
4543,85
4544,86
4545,87
4546,88
4547,89
4548,90
4549,91
4550,92
4551,83
4552,84
4553,85
4554,86
4555,87
4556,88
4557,89
4558,90
4559,91
4560,92
4561,83
4562,84
4563,85
4564,86
4565,87
4566,88
4567,89
4568,90
4569,91
4570,92
4571,83
4572,84
4573,85
4574,86
4575,87
4576,88
4577,89
4578,90
4579,91
4580,92
4581,83
4582,84
4583,85
4584,86
4585,87
4586,88
4587,89
4588,90
4589,91
4590,92
4591,83
4592,84
4593,85
4594,86
4595,87
4596,88
4597,89
4598,90
4599,91
4600,92
4601,83
4602,84
4603,85
4604,86
4605,87
4606,88
4607,89
4608,90
4609,91
4610,92
4611,83
4612,84
4613,85
4614,86
4615,87
4616,88
4617,89
4618,90
4619,91
4620,92
4621,83
4622,84
4623,85
4624,86
4625,87
4626,88
4627,89
4628,90
4629,91
4630,92
4631,83
4632,84
4633,85
4634,86
4635,87
4636,88
4637,89
4638,90
4639,91
4640,92
4641,83
4642,84
4643,85
4644,86
4645,87
4646,88
4647,89
4648,90
4649,91
4650,92
4651,83
4652,84
4653,85
4654,86
4655,87
4656,88
4657,89
4658,90
4659,91
4660,92
4661,83
4662,84
4663,85
4664,86
4665,87
4666,88
4667,89
4668,90
4669,91
4670,92
4671,93
4672,94
4673,95
4674,96
4675,97
4676,98
4677,99
4678,93
4679,94
4680,95
4681,96
4682,97
4683,98
4684,99
4685,93
4686,94
4687,95
4688,96
4689,97
4690,98
4691,99
4692,93
4693,94
4694,95
4695,96
4696,97
4697,98
4698,99
4699,93
4700,94
4701,95
4702,96
4703,97
4704,98
4705,99
4706,93
4707,94
4708,95
4709,96
4710,97
4711,98
4712,99
4713,93
4714,94
4715,95
4716,96
4717,97
4718,98
4719,99
4720,93
4721,94
4722,95
4723,96
4724,97
4725,98
4726,99
4727,93
4728,94
4729,95
4730,96
4731,97
4732,98
4733,99
4734,93
4735,94
4736,95
4737,96
4738,97
4739,98
4740,99
4741,93
4742,94
4743,95
4744,96
4745,97
4746,98
4747,99
4748,93
4749,94
4750,95
4751,96
4752,97
4753,98
4754,99
4755,93
4756,94
4757,95
4758,96
4759,97
4760,98
4761,99
4762,93
4763,94
4764,95
4765,96
4766,97
4767,98
4768,99
4769,93
4770,94
4771,95
4772,96
4773,97
4774,98
4775,99
4776,93
4777,94
4778,95
4779,96
4780,97
4781,98
4782,99
4783,93
4784,94
4785,95
4786,96
4787,97
4788,98
4789,99
4790,93
4791,94
4792,95
4793,96
4794,97
4795,98
4796,99
4797,93
4798,94
4799,95
4800,96
4801,97
4802,98
4803,99
4804,93
4805,94
4806,95
4807,96
4808,97
4809,98
4810,99
4811,93
4812,94
4813,95
4814,96
4815,97
4816,98
4817,99
4818,93
4819,94
4820,95
4821,96
4822,97
4823,98
4824,99
4825,93
4826,94
4827,95
4828,96
4829,97
4830,98
4831,99
4832,93
4833,94
4834,95
4835,96
4836,97
4837,98
4838,99
4839,93
4840,94
4841,95
4842,96
4843,97
4844,98
4845,99
4846,93
4847,94
4848,95
4849,96
4850,97
4851,98
4852,99
4853,93
4854,94
4855,95
4856,96
4857,97
4858,98
4859,99
4860,93
4861,94
4862,95
4863,96
4864,97
4865,98
4866,99
4867,93
4868,94
4869,95
4870,96
4871,97
4872,98
4873,99
4874,93
4875,94
4876,95
4877,96
4878,97
4879,98
4880,99
4881,93
4882,94
4883,95
4884,96
4885,97
4886,98
4887,99
4888,93
4889,94
4890,95
4891,96
4892,97
4893,98
4894,99
4895,93
4896,94
4897,95
4898,96
4899,97
4900,98
4901,99
4902,93
4903,94
4904,95
4905,96
4906,97
4907,98
4908,99
4909,93
4910,94
4911,95
4912,96
4913,97
4914,98
4915,99
4916,93
4917,94
4918,95
4919,96
4920,97
4921,98
4922,99
4923,93
4924,94
4925,95
4926,96
4927,97
4928,98
4929,99
4930,93
4931,94
4932,95
4933,96
4934,97
4935,98
4936,99
4937,93
4938,94
4939,95
4940,96
4941,97
4942,98
4943,99
4944,93
4945,94
4946,95
4947,96
4948,97
4949,98
4950,99
4951,93
4952,94
4953,95
4954,96
4955,97
4956,98
4957,99
4958,93
4959,94
4960,95
4961,96
4962,97
4963,98
4964,99
4965,93
4966,94
4967,95
4968,96
4969,97
4970,98
4971,99
4972,93
4973,94
4974,95
4975,96
4976,97
4977,98
4978,99
4979,93
4980,94
4981,95
4982,96
4983,97
4984,98
4985,99
4986,93
4987,94
4988,95
4989,96
4990,97
4991,98
4992,99
4993,100
4994,101
4995,102
4996,103
4997,104
4998,100
4999,101
5000,102
5001,103
5002,104
5003,100
5004,101
5005,102
5006,103
5007,104
5008,100
5009,101
5010,102
5011,103
5012,104
5013,100
5014,101
5015,102
5016,103
5017,104
5018,100
5019,101
5020,102
5021,103
5022,104
5023,100
5024,101
5025,102
5026,103
5027,104
5028,100
5029,101
5030,102
5031,103
5032,104
5033,100
5034,101
5035,102
5036,103
5037,104
5038,100
5039,101
5040,102
5041,103
5042,104
5043,100
5044,101
5045,102
5046,103
5047,104
5048,100
5049,101
5050,102
5051,103
5052,104
5053,100
5054,101
5055,102
5056,103
5057,104
5058,100
5059,101
5060,102
5061,103
5062,104
5063,100
5064,101
5065,102
5066,103
5067,104
5068,100
5069,101
5070,102
5071,103
5072,104
5073,100
5074,101
5075,102
5076,103
5077,104
5078,100
5079,101
5080,102
5081,103
5082,104
5083,100
5084,101
5085,102
5086,103
5087,104
5088,100
5089,101
5090,102
5091,103
5092,104
5093,100
5094,101
5095,102
5096,103
5097,104
5098,100
5099,101
5100,102
5101,103
5102,104
5103,100
5104,101
5105,102
5106,103
5107,104
5108,100
5109,101
5110,102
5111,103
5112,104
5113,100
5114,101
5115,102
5116,103
5117,104
5118,100
5119,101
5120,102
5121,103
5122,104
5123,100
5124,101
5125,102
5126,103
5127,104
5128,100
5129,101
5130,102
5131,103
5132,104
5133,100
5134,101
5135,102
5136,103
5137,104
5138,100
5139,101
5140,102
5141,103
5142,104
5143,100
5144,101
5145,102
5146,103
5147,104
5148,100
5149,101
5150,102
5151,103
5152,104
5153,100
5154,101
5155,102
5156,103
5157,104
5158,100
5159,101
5160,102
5161,103
5162,104
5163,100
5164,101
5165,102
5166,103
5167,104
5168,100
5169,101
5170,102
5171,103
5172,104
5173,100
5174,101
5175,102
5176,103
5177,104
5178,100
5179,101
5180,102
5181,103
5182,104
5183,100
5184,101
5185,102
5186,103
5187,104
5188,100
5189,101
5190,102
5191,103
5192,104
5193,100
5194,101
5195,102
5196,103
5197,104
5198,100
5199,101
5200,102
5201,103
5202,104
5203,100
5204,101
5205,102
5206,103
5207,104
5208,100
5209,101
5210,102
5211,103
5212,104
5213,100
5214,101
5215,102
5216,103
5217,104
5218,100
5219,101
5220,102
5221,103
5222,104
5223,105
5224,106
5225,107
5226,108
5227,109
5228,110
5229,111
5230,112
5231,105
5232,106
5233,107
5234,108
5235,109
5236,110
5237,111
5238,112
5239,105
5240,106
5241,107
5242,108
5243,109
5244,110
5245,111
5246,112
5247,105
5248,106
5249,107
5250,108
5251,109
5252,110
5253,111
5254,112
5255,105
5256,106
5257,107
5258,108
5259,109
5260,110
5261,111
5262,112
5263,105
5264,106
5265,107
5266,108
5267,109
5268,110
5269,111
5270,112
5271,105
5272,106
5273,107
5274,108
5275,109
5276,110
5277,111
5278,112
5279,105
5280,106
5281,107
5282,108
5283,109
5284,110
5285,111
5286,112
5287,105
5288,106
5289,107
5290,108
5291,109
5292,110
5293,111
5294,112
5295,105
5296,106
5297,107
5298,108
5299,109
5300,110
5301,111
5302,112
5303,105
5304,106
5305,107
5306,108
5307,109
5308,110
5309,111
5310,112
5311,105
5312,106
5313,107
5314,108
5315,109
5316,110
5317,111
5318,112
5319,105
5320,106
5321,107
5322,108
5323,109
5324,110
5325,111
5326,112
5327,105
5328,106
5329,107
5330,108
5331,109
5332,110
5333,111
5334,112
5335,105
5336,106
5337,107
5338,108
5339,109
5340,110
5341,111
5342,112
5343,105
5344,106
5345,107
5346,108
5347,109
5348,110
5349,111
5350,112
5351,105
5352,106
5353,107
5354,108
5355,109
5356,110
5357,111
5358,112
5359,105
5360,106
5361,107
5362,108
5363,109
5364,110
5365,111
5366,112
5367,105
5368,106
5369,107
5370,108
5371,109
5372,110
5373,111
5374,112
5375,105
5376,106
5377,107
5378,108
5379,109
5380,110
5381,111
5382,112
5383,105
5384,106
5385,107
5386,108
5387,109
5388,110
5389,111
5390,112
5391,105
5392,106
5393,107
5394,108
5395,109
5396,110
5397,111
5398,112
5399,105
5400,106
5401,107
5402,108
5403,109
5404,110
5405,111
5406,112
5407,105
5408,106
5409,107
5410,108
5411,109
5412,110
5413,111
5414,112
5415,105
5416,106
5417,107
5418,108
5419,109
5420,110
5421,111
5422,112
5423,105
5424,106
5425,107
5426,108
5427,109
5428,110
5429,111
5430,112
5431,105
5432,106
5433,107
5434,108
5435,109
5436,110
5437,111
5438,112
5439,105
5440,106
5441,107
5442,108
5443,109
5444,110
5445,111
5446,112
5447,105
5448,106
5449,107
5450,108
5451,109
5452,110
5453,111
5454,112
5455,105
5456,106
5457,107
5458,108
5459,109
5460,110
5461,111
5462,112
5463,105
5464,106
5465,107
5466,108
5467,109
5468,110
5469,111
5470,112
5471,105
5472,106
5473,107
5474,108
5475,109
5476,110
5477,111
5478,112
5479,105
5480,106
5481,107
5482,108
5483,109
5484,110
5485,111
5486,112
5487,105
5488,106
5489,107
5490,108
5491,109
5492,110
5493,111
5494,112
5495,105
5496,106
5497,107
5498,108
5499,109
5500,110
5501,111
5502,112
5503,105
5504,106
5505,107
5506,108
5507,109
5508,110
5509,111
5510,112
5511,105
5512,106
5513,107
5514,108
5515,109
5516,110
5517,111
5518,112
5519,105
5520,106
5521,107
5522,108
5523,109
5524,110
5525,111
5526,112
5527,105
5528,106
5529,107
5530,108
5531,109
5532,110
5533,111
5534,112
5535,105
5536,106
5537,107
5538,108
5539,109
5540,110
5541,111
5542,112
5543,113
5544,114
5545,115
5546,116
5547,117
5548,113
5549,114
5550,115
5551,116
5552,117
5553,113
5554,114
5555,115
5556,116
5557,117
5558,113
5559,114
5560,115
5561,116
5562,117
5563,113
5564,114
5565,115
5566,116
5567,117
5568,113
5569,114
5570,115
5571,116
5572,117
5573,113
5574,114
5575,115
5576,116
5577,117
5578,113
5579,114
5580,115
5581,116
5582,117
5583,113
5584,114
5585,115
5586,116
5587,117
5588,113
5589,114
5590,115
5591,116
5592,117
5593,113
5594,114
5595,115
5596,116
5597,117
5598,113
5599,114
5600,115
5601,116
5602,117
5603,113
5604,114
5605,115
5606,116
5607,117
5608,113
5609,114
5610,115
5611,116
5612,117
5613,113
5614,114
5615,115
5616,116
5617,117
5618,113
5619,114
5620,115
5621,116
5622,117
5623,113
5624,114
5625,115
5626,116
5627,117
5628,113
5629,114
5630,115
5631,116
5632,117
5633,113
5634,114
5635,115
5636,116
5637,117
5638,113
5639,114
5640,115
5641,116
5642,117
5643,113
5644,114
5645,115
5646,116
5647,117
5648,113
5649,114
5650,115
5651,116
5652,117
5653,113
5654,114
5655,115
5656,116
5657,117
5658,113
5659,114
5660,115
5661,116
5662,117
5663,113
5664,114
5665,115
5666,116
5667,117
5668,113
5669,114
5670,115
5671,116
5672,117
5673,113
5674,114
5675,115
5676,116
5677,117
5678,113
5679,114
5680,115
5681,116
5682,117
5683,113
5684,114
5685,115
5686,116
5687,117
5688,113
5689,114
5690,115
5691,116
5692,117
5693,113
5694,114
5695,115
5696,116
5697,117
5698,113
5699,114
5700,115
5701,116
5702,117
5703,113
5704,114
5705,115
5706,116
5707,117
5708,113
5709,114
5710,115
5711,116
5712,117
5713,113
5714,114
5715,115
5716,116
5717,117
5718,113
5719,114
5720,115
5721,116
5722,117
5723,113
5724,114
5725,115
5726,116
5727,117
5728,113
5729,114
5730,115
5731,116
5732,117
5733,113
5734,114
5735,115
5736,116
5737,117
5738,113
5739,114
5740,115
5741,116
5742,117
5743,113
5744,114
5745,115
5746,116
5747,117
5748,113
5749,114
5750,115
5751,116
5752,117
5753,113
5754,114
5755,115
5756,116
5757,117
5758,113
5759,114
5760,115
5761,116
5762,117
5763,118
5764,119
5765,120
5766,121
5767,122
5768,123
5769,118
5770,119
5771,120
5772,121
5773,122
5774,123
5775,118
5776,119
5777,120
5778,121
5779,122
5780,123
5781,118
5782,119
5783,120
5784,121
5785,122
5786,123
5787,118
5788,119
5789,120
5790,121
5791,122
5792,123
5793,118
5794,119
5795,120
5796,121
5797,122
5798,123
5799,118
5800,119
5801,120
5802,121
5803,122
5804,123
5805,118
5806,119
5807,120
5808,121
5809,122
5810,123
5811,118
5812,119
5813,120
5814,121
5815,122
5816,123
5817,118
5818,119
5819,120
5820,121
5821,122
5822,123
5823,118
5824,119
5825,120
5826,121
5827,122
5828,123
5829,118
5830,119
5831,120
5832,121
5833,122
5834,123
5835,118
5836,119
5837,120
5838,121
5839,122
5840,123
5841,118
5842,119
5843,120
5844,121
5845,122
5846,123
5847,118
5848,119
5849,120
5850,121
5851,122
5852,123
5853,118
5854,119
5855,120
5856,121
5857,122
5858,123
5859,118
5860,119
5861,120
5862,121
5863,122
5864,123
5865,118
5866,119
5867,120
5868,121
5869,122
5870,123
5871,118
5872,119
5873,120
5874,121
5875,122
5876,123
5877,118
5878,119
5879,120
5880,121
5881,122
5882,123
5883,118
5884,119
5885,120
5886,121
5887,122
5888,123
5889,118
5890,119
5891,120
5892,121
5893,122
5894,123
5895,118
5896,119
5897,120
5898,121
5899,122
5900,123
5901,118
5902,119
5903,120
5904,121
5905,122
5906,123
5907,118
5908,119
5909,120
5910,121
5911,122
5912,123
5913,118
5914,119
5915,120
5916,121
5917,122
5918,123
5919,118
5920,119
5921,120
5922,121
5923,122
5924,123
5925,118
5926,119
5927,120
5928,121
5929,122
5930,123
5931,118
5932,119
5933,120
5934,121
5935,122
5936,123
5937,118
5938,119
5939,120
5940,121
5941,122
5942,123
5943,118
5944,119
5945,120
5946,121
5947,122
5948,123
5949,118
5950,119
5951,120
5952,121
5953,122
5954,123
5955,118
5956,119
5957,120
5958,121
5959,122
5960,123
5961,118
5962,119
5963,120
5964,121
5965,122
5966,123
5967,118
5968,119
5969,120
5970,121
5971,122
5972,123
5973,118
5974,119
5975,120
5976,121
5977,122
5978,123
5979,118
5980,119
5981,120
5982,121
5983,122
5984,123
5985,118
5986,119
5987,120
5988,121
5989,122
5990,123
5991,118
5992,119
5993,120
5994,121
5995,122
5996,123
5997,118
5998,119
5999,120
6000,121
6001,122
6002,123
6003,118
6004,119
6005,120
6006,121
6007,122
6008,123
6009,118
6010,119
6011,120
6012,121
6013,122
6014,123
6015,118
6016,119
6017,120
6018,121
6019,122
6020,123
6021,118
6022,119
6023,120
6024,121
6025,122
6026,123
6027,118
6028,119
6029,120
6030,121
6031,122
6032,123
6033,118
6034,119
6035,120
6036,121
6037,122
6038,123
6039,118
6040,119
6041,120
6042,121
6043,122
6044,123
6045,118
6046,119
6047,120
6048,121
6049,122
6050,123
6051,118
6052,119
6053,120
6054,121
6055,122
6056,123
6057,124
6058,125
6059,126
6060,127
6061,124
6062,125
6063,126
6064,127
6065,124
6066,125
6067,126
6068,127
6069,124
6070,125
6071,126
6072,127
6073,124
6074,125
6075,126
6076,127
6077,124
6078,125
6079,126
6080,127
6081,124
6082,125
6083,126
6084,127
6085,124
6086,125
6087,126
6088,127
6089,124
6090,125
6091,126
6092,127
6093,124
6094,125
6095,126
6096,127
6097,124
6098,125
6099,126
6100,127
6101,124
6102,125
6103,126
6104,127
6105,124
6106,125
6107,126
6108,127
6109,124
6110,125
6111,126
6112,127
6113,124
6114,125
6115,126
6116,127
6117,124
6118,125
6119,126
6120,127
6121,124
6122,125
6123,126
6124,127
6125,124
6126,125
6127,126
6128,127
6129,124
6130,125
6131,126
6132,127
6133,124
6134,125
6135,126
6136,127
6137,124
6138,125
6139,126
6140,127
6141,124
6142,125
6143,126
6144,127
6145,124
6146,125
6147,126
6148,127
6149,124
6150,125
6151,126
6152,127
6153,124
6154,125
6155,126
6156,127
6157,124
6158,125
6159,126
6160,127
6161,124
6162,125
6163,126
6164,127
6165,124
6166,125
6167,126
6168,127
6169,124
6170,125
6171,126
6172,127
6173,124
6174,125
6175,126
6176,127
6177,124
6178,125
6179,126
6180,127
6181,124
6182,125
6183,126
6184,127
6185,124
6186,125
6187,126
6188,127
6189,124
6190,125
6191,126
6192,127
6193,124
6194,125
6195,126
6196,127
6197,124
6198,125
6199,126
6200,127
6201,124
6202,125
6203,126
6204,127
6205,124
6206,125
6207,126
6208,127
6209,124
6210,125
6211,126
6212,127
6213,124
6214,125
6215,126
6216,127
6217,124
6218,125
6219,126
6220,127
6221,124
6222,125
6223,126
6224,127
6225,124
6226,125
6227,126
6228,127
6229,124
6230,125
6231,126
6232,127
6233,124
6234,125
6235,126
6236,127
6237,124
6238,125
6239,126
6240,127
6241,124
6242,125
6243,126
6244,127
6245,124
6246,125
6247,126
6248,127
6249,174
6250,179
6251,135
6252,131
6253,167
6254,185
6255,146
6256,173
6257,183
6258,144
6259,135
6260,188
6261,167
6262,165
6263,141
6264,160
6265,137
6266,185
6267,148
6268,130
6269,155
6270,178
6271,152
6272,139
6273,146
6274,149
6275,158
6276,147
6277,132
6278,179
6279,175
6280,165
6281,158
6282,159
6283,138
6284,164
6285,191
6286,131
6287,142
6288,152
6289,181
6290,176
6291,179
6292,167
6293,141
6294,161
6295,159
6296,152
6297,163
6298,185
6299,176
6300,177
6301,149
6302,162
6303,160
6304,151
6305,180
6306,169
6307,168
6308,129
6309,157
6310,178
6311,185
6312,145
6313,156
6314,192
6315,170
6316,146
6317,136
6318,174
6319,150
6320,150
6321,174
6322,161
6323,160
6324,169
6325,147
6326,132
6327,179
6328,164
6329,136
6330,152
6331,187
6332,145
6333,176
6334,182
6335,190
6336,182
6337,168
6338,140
6339,169
6340,147
6341,135
6342,161
6343,130
6344,128
6345,166
6346,153
6347,163
6348,164
6349,136
6350,173
6351,183
6352,153
6353,144
6354,186
6355,147
6356,189
6357,129
6358,167
6359,165
6360,155
6361,146
6362,148
6363,137
6364,176
6365,187
6366,189
6367,165
6368,189
6369,176
6370,161
6371,146
6372,136
6373,181
6374,166
6375,188
6376,151
6377,178
6378,159
6379,129
6380,160
6381,152
6382,189
6383,173
6384,149
6385,180
6386,168
6387,160
6388,169
6389,165
6390,140
6391,143
6392,181
6393,170
6394,180
6395,178
6396,143
6397,138
6398,177
6399,146
6400,183
6401,144
6402,158
6403,156
6404,184
6405,181
6406,139
6407,167
6408,130
6409,159
6410,184
6411,139
6412,180
6413,192
6414,131
6415,131
6416,158
6417,189
6418,136
6419,177
6420,130
6421,177
6422,173
6423,169
6424,164
6425,190
6426,177
6427,157
6428,148
6429,191
6430,178
6431,173
6432,165
6433,163
6434,188
6435,164
6436,136
6437,182
6438,188
6439,138
6440,186
6441,147
6442,172
6443,128
6444,142
6445,167
6446,155
6447,166
6448,181
6449,178
6450,136
6451,130
6452,167
6453,176
6454,149
6455,173
6456,140
6457,159
6458,141
6459,141
6460,128
6461,172
6462,131
6463,143
6464,150
6465,161
6466,170
6467,145
6468,171
6469,149
6470,191
6471,158
6472,192
6473,157
6474,163
6475,140
6476,192
6477,169
6478,150
6479,145
6480,184
6481,143
6482,173
6483,187
6484,174
6485,181
6486,148
6487,158
6488,147
6489,157
6490,131
6491,141
6492,157
6493,138
6494,172
6495,187
6496,173
6497,187
6498,177
6499,171
6500,147
6501,187
6502,177
6503,169
6504,167
6505,161
6506,155
6507,130
6508,183
6509,186
6510,191
6511,185
6512,161
6513,131
6514,188
6515,157
6516,180
6517,129
6518,132
6519,165
6520,141
6521,158
6522,157
6523,163
6524,182
6525,172
6526,176
6527,163
6528,136
6529,138
6530,145
6531,177
6532,166
6533,162
6534,150
6535,140
6536,160
6537,139
6538,175
6539,175
6540,165
6541,152
6542,190
6543,185
6544,181
6545,189
6546,143
6547,132
6548,157
6549,184
6550,166
6551,154
6552,139
6553,142
6554,177
6555,138
6556,158
6557,191
6558,179
6559,181
6560,155
6561,139
6562,141
6563,177
6564,192
6565,170
6566,135
6567,185
6568,179
6569,172
6570,187
6571,174
6572,190
6573,144
6574,191
6575,184
6576,147
6577,131
6578,188
6579,137
6580,153
6581,169
6582,153
6583,168
6584,148
6585,155
6586,128
6587,178
6588,160
6589,137
6590,189
6591,135
6592,131
6593,188
6594,162
6595,184
6596,131
6597,146
6598,160
6599,188
6600,155
6601,176
6602,166
6603,179
6604,162
6605,164
6606,138
6607,180
6608,165
6609,141
6610,175
6611,165
6612,187
6613,142
6614,185
6615,154
6616,176
6617,165
6618,183
6619,176
6620,145
6621,162
6622,132
6623,138
6624,178
6625,185
6626,130
6627,154
6628,172
6629,140
6630,128
6631,185
6632,180
6633,163
6634,187
6635,176
6636,187
6637,133
6638,134
6639,167
6640,158
6641,145
6642,147
6643,154
6644,170
6645,145
6646,173
6647,173
6648,138
6649,167
6650,137
6651,182
6652,144
6653,189
6654,135
6655,143
6656,137
6657,154
6658,167
6659,173
6660,177
6661,158
6662,155
6663,138
6664,158
6665,191
6666,142
6667,178
6668,159
6669,134
6670,151
6671,154
6672,181
6673,169
6674,189
6675,173
6676,189
6677,137
6678,178
6679,176
6680,139
6681,181
6682,160
6683,158
6684,147
6685,133
6686,178
6687,191
6688,151
6689,147
6690,186
6691,163
6692,180
6693,158
6694,171
6695,164
6696,187
6697,164
6698,156
6699,161
6700,185
6701,141
6702,176
6703,146
6704,151
6705,169
6706,147
6707,179
6708,186
6709,139
6710,130
6711,178
6712,185
6713,175
6714,164
6715,168
6716,174
6717,192
6718,156
6719,141
6720,133
6721,144
6722,130
6723,149
6724,175
6725,138
6726,175
6727,164
6728,152
6729,154
6730,173
6731,144
6732,175
6733,170
6734,170
6735,174
6736,143
6737,141
6738,131
6739,143
6740,191
6741,154
6742,128
6743,183
6744,169
6745,171
6746,129
6747,128
6748,157
6749,150
6750,137
6751,177
6752,188
6753,189
6754,162
6755,163
6756,148
6757,130
6758,137
6759,169
6760,159
6761,143
6762,163
6763,187
6764,144
6765,133
6766,130
6767,165
6768,138
6769,167
6770,170
6771,146
6772,178
6773,186
6774,141
6775,161
6776,146
6777,162
6778,177
6779,167
6780,142
6781,132
6782,190
6783,178
6784,181
6785,132
6786,168
6787,155
6788,177
6789,131
6790,133
6791,182
6792,189
6793,192
6794,131
6795,171
6796,128
6797,157
6798,169
6799,152
6800,130
6801,182
6802,171
6803,186
6804,151
6805,189
6806,143
6807,151
6808,143
6809,149
6810,187
6811,153
6812,183
6813,184
6814,192
6815,129
6816,140
6817,175
6818,157
6819,145
6820,178
6821,163
6822,165
6823,182
6824,135
6825,189
6826,182
6827,130
6828,168
6829,150
6830,178
6831,178
6832,185
6833,172
6834,184
6835,140
6836,182
6837,153
6838,187
6839,166
6840,129
6841,184
6842,156
6843,139
6844,180
6845,171
6846,181
6847,190
6848,175
6849,192
6850,139
6851,177
6852,139
6853,134
6854,160
6855,150
6856,166
6857,153
6858,181
6859,129
6860,175
6861,167
6862,168
6863,143
6864,133
6865,143
6866,179
6867,147
6868,156
6869,189
6870,172
6871,136
6872,144
6873,175
6874,147
6875,154
6876,167
6877,138
6878,178
6879,156
6880,156
6881,142
6882,164
6883,157
6884,169
6885,167
6886,158
6887,152
6888,134
6889,186
6890,135
6891,136
6892,188
6893,162
6894,153
6895,170
6896,136
6897,137
6898,154
6899,139
6900,139
6901,181
6902,171
6903,131
6904,184
6905,174
6906,133
6907,128
6908,159
6909,150
6910,146
6911,154
6912,161
6913,131
6914,130
6915,141
6916,151
6917,181
6918,173
6919,159
6920,134
6921,165
6922,146
6923,128
6924,165
6925,133
6926,150
6927,170
6928,135
6929,137
6930,189
6931,157
6932,167
6933,183
6934,175
6935,131
6936,133
6937,156
6938,152
6939,133
6940,165
6941,144
6942,133
6943,189
6944,137
6945,141
6946,187
6947,131
6948,169
6949,169
6950,137
6951,180
6952,138
6953,168
6954,174
6955,151
6956,167
6957,162
6958,181
6959,141
6960,152
6961,189
6962,147
6963,192
6964,145
6965,156
6966,179
6967,131
6968,135
6969,159
6970,180
6971,183
6972,170
6973,129
6974,138
6975,177
6976,134
6977,168
6978,142
6979,136
6980,181
6981,142
6982,183
6983,131
6984,146
6985,187
6986,129
6987,172
6988,160
6989,144
6990,178
6991,175
6992,187
6993,153
6994,132
6995,165
6996,142
6997,140
6998,191
6999,156
7000,151
7001,184
7002,142
7003,151
7004,183
7005,181
7006,148
7007,168
7008,145
7009,176
7010,185
7011,166
7012,186
7013,172
7014,133
7015,175
7016,188
7017,134
7018,150
7019,148
7020,181
7021,190
7022,143
7023,191
7024,138
7025,133
7026,150
7027,147
7028,136
7029,151
7030,184
7031,191
7032,180
7033,184
7034,177
7035,187
7036,150
7037,154
7038,140
7039,181
7040,184
7041,178
7042,175
7043,160
7044,151
7045,185
7046,171
7047,128
7048,158
7049,140
7050,191
7051,170
7052,158
7053,170
7054,171
7055,185
7056,182
7057,150
7058,181
7059,185
7060,190
7061,183
7062,130
7063,150
7064,183
7065,139
7066,141
7067,178
7068,150
7069,163
7070,137
7071,146
7072,136
7073,173
7074,159
7075,190
7076,134
7077,184
7078,132
7079,189
7080,172
7081,185
7082,129
7083,186
7084,184
7085,177
7086,134
7087,188
7088,168
7089,177
7090,188
7091,168
7092,144
7093,182
7094,158
7095,192
7096,167
7097,164
7098,162
7099,160
7100,143
7101,141
7102,173
7103,139
7104,174
7105,177
7106,191
7107,187
7108,156
7109,140
7110,140
7111,156
7112,175
7113,168
7114,182
7115,185
7116,157
7117,142
7118,137
7119,183
7120,170
7121,189
7122,179
7123,147
7124,132
7125,132
7126,189
7127,144
7128,149
7129,128
7130,187
7131,188
7132,170
7133,176
7134,172
7135,141
7136,140
7137,173
7138,172
7139,148
7140,155
7141,183
7142,177
7143,147
7144,129
7145,140
7146,132
7147,181
7148,150
7149,151
7150,157
7151,166
7152,131
7153,166
7154,191
7155,158
7156,144
7157,184
7158,169
7159,148
7160,170
7161,159
7162,185
7163,184
7164,167
7165,173
7166,179
7167,130
7168,151
7169,139
7170,139
7171,140
7172,157
7173,173
7174,150
7175,171
7176,159
7177,174
7178,160
7179,135
7180,166
7181,162
7182,128
7183,150
7184,128
7185,175
7186,141
7187,184
7188,168
7189,131
7190,142
7191,183
7192,188
7193,189
7194,174
7195,180
7196,135
7197,159
7198,184
7199,139
7200,170
7201,133
7202,164
7203,170
7204,187
7205,180
7206,155
7207,147
7208,154
7209,165
7210,154
7211,166
7212,140
7213,182
7214,128
7215,181
7216,151
7217,154
7218,156
7219,169
7220,178
7221,165
7222,135
7223,191
7224,163
7225,145
7226,151
7227,146
7228,148
7229,151
7230,159
7231,169
7232,187
7233,142
7234,184
7235,164
7236,165
7237,128
7238,159
7239,130
7240,166
7241,177
7242,179
7243,156
7244,188
7245,174
7246,157
7247,154
7248,189
7249,190
7250,170
7251,142
7252,162
7253,132
7254,170
7255,151
7256,155
7257,155
7258,182
7259,136
7260,176
7261,132
7262,157
7263,180
7264,157
7265,129
7266,146
7267,183
7268,131
7269,146
7270,136
7271,163
7272,145
7273,181
7274,140
7275,186
7276,173
7277,135
7278,130
7279,164
7280,142
7281,184
7282,154
7283,152
7284,182
7285,141
7286,162
7287,187
7288,171
7289,168
7290,153
7291,168
7292,160
7293,147
7294,173
7295,165
7296,154
7297,145
7298,170
7299,183
7300,157
7301,158
7302,135
7303,157
7304,186
7305,153
7306,184
7307,175
7308,176
7309,160
7310,187
7311,165
7312,184
7313,128
7314,161
7315,171
7316,162
7317,136
7318,173
7319,192
7320,170
7321,139
7322,144
7323,135
7324,129
7325,158
7326,190
7327,146
7328,185
7329,140
7330,166
7331,155
7332,144
7333,188
7334,167
7335,153
7336,155
7337,184
7338,148
7339,131
7340,149
7341,142
7342,135
7343,183
7344,153
7345,191
7346,136
7347,190
7348,187
7349,162
7350,138
7351,143
7352,168
7353,161
7354,156
7355,150
7356,133
7357,151
7358,139
7359,173
7360,173
7361,155
7362,144
7363,130
7364,162
7365,137
7366,168
7367,159
7368,188
7369,151
7370,168
7371,135
7372,167
7373,128
7374,176
7375,188
7376,164
7377,186
7378,137
7379,146
7380,171
7381,146
7382,161
7383,181
7384,177
7385,135
7386,159
7387,152
7388,138
7389,128
7390,150
7391,186
7392,163
7393,159
7394,145
7395,133
7396,134
7397,142
7398,133
7399,162
7400,160
7401,149
7402,142
7403,129
7404,162
7405,155
7406,164
7407,174
7408,188
7409,185
7410,133
7411,190
7412,191
7413,184
7414,170
7415,179
7416,169
7417,182
7418,167
7419,191
7420,146
7421,136
7422,171
7423,190
7424,182
7425,182
7426,142
7427,139
7428,184
7429,167
7430,164
7431,133
7432,134
7433,188
7434,138
7435,184
7436,149
7437,163
7438,180
7439,146
7440,171
7441,143
7442,165
7443,138
7444,155
7445,144
7446,155
7447,182
7448,189
7449,184
7450,153
7451,170
7452,138
7453,174
7454,147
7455,161
7456,152
7457,144
7458,149
7459,184
7460,165
7461,168
7462,170
7463,138
7464,153
7465,185
7466,170
7467,160
7468,128
7469,170
7470,152
7471,172
7472,159
7473,149
7474,161
7475,136
7476,156
7477,145
7478,180
7479,189
7480,173
7481,166
7482,171
7483,136
7484,138
7485,137
7486,165
7487,156
7488,166
7489,148
7490,130
7491,134
7492,163
7493,142
7494,128
7495,154
7496,184
7497,165
7498,132
7499,168
7500,134
7501,177
7502,138
7503,181
7504,161
7505,162
7506,187
7507,184
7508,172
7509,133
7510,130
7511,133
7512,179
7513,158
7514,142
7515,160
7516,134
7517,153
7518,135
7519,137
7520,160
7521,134
7522,173
7523,143
7524,157
7525,141
7526,128
7527,137
7528,150
7529,130
7530,146
7531,151
7532,159
7533,192
7534,184
7535,158
7536,177
7537,136
7538,162
7539,163
7540,179
7541,167
7542,187
7543,140
7544,172
7545,182
7546,165
7547,185
7548,135
7549,135
7550,128
7551,165
7552,128
7553,151
7554,174
7555,159
7556,140
7557,188
7558,163
7559,143
7560,153
7561,138
7562,135
7563,184
7564,130
7565,179
7566,158
7567,147
7568,133
7569,175
7570,166
7571,145
7572,142
7573,147
7574,187
7575,139
7576,179
7577,185
7578,152
7579,145
7580,187
7581,189
7582,149
7583,155
7584,168
7585,174
7586,148
7587,176
7588,165
7589,160
7590,186
7591,191
7592,148
7593,150
7594,182
7595,166
7596,145
7597,172
7598,153
7599,183
7600,192
7601,142
7602,163
7603,145
7604,150
7605,174
7606,187
7607,158
7608,192
7609,161
7610,143
7611,169
7612,189
7613,164
7614,176
7615,150
7616,160
7617,153
7618,153
7619,163
7620,180
7621,159
7622,131
7623,131
7624,189
7625,184
7626,153
7627,131
7628,158
7629,134
7630,134
7631,157
7632,159
7633,177
7634,148
7635,182
7636,130
7637,171
7638,179
7639,188
7640,151
7641,187
7642,172
7643,169
7644,133
7645,144
7646,162
7647,143
7648,188
7649,132
7650,190
7651,165
7652,145
7653,188
7654,182
7655,166
7656,175
7657,142
7658,150
7659,133
7660,186
7661,153
7662,172
7663,158
7664,129
7665,128
7666,154
7667,130
7668,159
7669,156
7670,136
7671,181
7672,135
7673,179
7674,184
7675,188
7676,190
7677,192
7678,154
7679,178
7680,149
7681,164
7682,169
7683,159
7684,183
7685,169
7686,184
7687,144
7688,152
7689,157
7690,186
7691,171
7692,166
7693,156
7694,137
7695,135
7696,191
7697,140
7698,146
7699,172
7700,135
7701,146
7702,171
7703,135
7704,174
7705,147
7706,139
7707,168
7708,189
7709,134
7710,153
7711,142
7712,165
7713,159
7714,180
7715,144
7716,190
7717,148
7718,177
7719,180
7720,132
7721,144
7722,155
7723,171
7724,132
7725,183
7726,159
7727,183
7728,162
7729,141
7730,187
7731,164
7732,185
7733,145
7734,169
7735,173
7736,162
7737,160
7738,132
7739,181
7740,151
7741,133
7742,155
7743,137
7744,150
7745,135
7746,155
7747,167
7748,192
7749,167
7750,148
7751,157
7752,190
7753,150
7754,145
7755,130
7756,131
7757,145
7758,171
7759,172
7760,146
7761,181
7762,169
7763,137
7764,192
7765,156
7766,170
7767,150
7768,165
7769,157
7770,159
7771,134
7772,172
7773,174
7774,151
7775,161
7776,192
7777,154
7778,144
7779,128
7780,150
7781,182
7782,148
7783,137
7784,177
7785,158
7786,153
7787,167
7788,181
7789,128
7790,150
7791,183
7792,155
7793,177
7794,134
7795,174
7796,178
7797,189
7798,166
7799,168
7800,147
7801,143
7802,178
7803,181
7804,144
7805,145
7806,161
7807,143
7808,139
7809,149
7810,180
7811,144
7812,139
7813,166
7814,172
7815,176
7816,145
7817,186
7818,128
7819,190
7820,169
7821,174
7822,169
7823,173
7824,131
7825,161
7826,162
7827,180
7828,180
7829,131
7830,157
7831,151
7832,147
7833,192
7834,171
7835,168
7836,136
7837,130
7838,184
7839,142
7840,152
7841,191
7842,154
7843,140
7844,171
7845,140
7846,168
7847,131
7848,134
7849,178
7850,154
7851,152
7852,189
7853,129
7854,148
7855,149
7856,185
7857,140
7858,163
7859,190
7860,159
7861,158
7862,129
7863,149
7864,166
7865,192
7866,141
7867,167
7868,144
7869,163
7870,128
7871,183
7872,142
7873,138
7874,162
7875,171
7876,134
7877,149
7878,181
7879,131
7880,139
7881,155
7882,151
7883,147
7884,173
7885,133
7886,160
7887,166
7888,176
7889,148
7890,165
7891,146
7892,138
7893,154
7894,180
7895,181
7896,190
7897,145
7898,129
7899,144
7900,164
7901,150
7902,190
7903,166
7904,190
7905,186
7906,155
7907,167
7908,158
7909,169
7910,147
7911,176
7912,162
7913,156
7914,191
7915,179
7916,182
7917,129
7918,174
7919,137
7920,129
7921,140
7922,152
7923,167
7924,176
7925,138
7926,177
7927,146
7928,167
7929,145
7930,186
7931,132
7932,171
7933,154
7934,152
7935,175
7936,163
7937,177
7938,162
7939,145
7940,141
7941,135
7942,151
7943,141
7944,145
7945,129
7946,131
7947,145
7948,152
7949,160
7950,180
7951,186
7952,151
7953,131
7954,175
7955,158
7956,179
7957,136
7958,157
7959,153
7960,137
7961,156
7962,162
7963,138
7964,134
7965,178
7966,187
7967,166
7968,174
7969,185
7970,142
7971,128
7972,153
7973,157
7974,136
7975,128
7976,183
7977,171
7978,192
7979,160
7980,154
7981,131
7982,148
7983,138
7984,148
7985,181
7986,175
7987,154
7988,186
7989,186
7990,139
7991,160
7992,186
7993,147
7994,184
7995,139
7996,181
7997,138
7998,156
7999,162
8000,178
8001,172
8002,174
8003,174
8004,160
8005,137
8006,174
8007,145
8008,138
8009,158
8010,176
8011,171
8012,178
8013,141
8014,138
8015,152
8016,164
8017,176
8018,147
8019,149
8020,166
8021,172
8022,164
8023,160
8024,138
8025,152
8026,183
8027,151
8028,154
8029,143
8030,158
8031,166
8032,158
8033,135
8034,173
8035,185
8036,155
8037,189
8038,131
8039,176
8040,146
8041,175
8042,154
8043,166
8044,172
8045,167
8046,161
8047,151
8048,176
8049,167
8050,143
8051,162
8052,141
8053,173
8054,132
8055,181
8056,145
8057,185
8058,188
8059,134
8060,151
8061,135
8062,135
8063,147
8064,181
8065,172
8066,149
8067,187
8068,134
8069,160
8070,136
8071,192
8072,165
8073,168
8074,154
8075,187
8076,133
8077,171
8078,192
8079,166
8080,164
8081,168
8082,145
8083,157
8084,164
8085,146
8086,151
8087,168
8088,151
8089,158
8090,181
8091,155
8092,175
8093,166
8094,130
8095,158
8096,187
8097,167
8098,155
8099,156
8100,166
8101,182
8102,145
8103,133
8104,160
8105,130
8106,151
8107,192
8108,186
8109,149
8110,173
8111,140
8112,162
8113,164
8114,128
8115,172
8116,141
8117,152
8118,136
8119,135
8120,178
8121,144
8122,188
8123,133
8124,140
8125,172
8126,172
8127,173
8128,162
8129,174
8130,152
8131,186
8132,184
8133,157
8134,168
8135,186
8136,153
8137,186
8138,161
8139,133
8140,182
8141,163
8142,129
8143,173
8144,191
8145,132
8146,188
8147,149
8148,178
8149,164
8150,163
8151,176
8152,141
8153,188
8154,130
8155,183
8156,178
8157,135
8158,130
8159,191
8160,172
8161,135
8162,137
8163,171
8164,154
8165,144
8166,154
8167,159
8168,147
8169,129
8170,150
8171,164
8172,185
8173,145
8174,170
8175,150
8176,133
8177,166
8178,173
8179,168
8180,191
8181,152
8182,154
8183,151
8184,159
8185,152
8186,132
8187,132
8188,162
8189,160
8190,148
8191,174
8192,169
8193,139
8194,132
8195,137
8196,175
8197,143
8198,142
8199,171
8200,190
8201,139
8202,144
8203,144
8204,164
8205,161
8206,179
8207,173
8208,132
8209,187
8210,132
8211,144
8212,173
8213,154
8214,131
8215,175
8216,137
8217,133
8218,141
8219,192
8220,169
8221,190
8222,184
8223,146
8224,174
8225,158
8226,177
8227,189
8228,160
8229,142
8230,189
8231,142
8232,134
8233,130
8234,184
8235,180
8236,143
8237,140
8238,186
8239,150
8240,135
8241,147
8242,164
8243,142
8244,156
8245,128
8246,169
8247,171
8248,176
8249,191
8250,140
8251,178
8252,171
8253,162
8254,144
8255,183
8256,152
8257,147
8258,191
8259,130
8260,149
8261,187
8262,146
8263,158
8264,170
8265,185
8266,148
8267,160
8268,181
8269,168
8270,178
8271,134
8272,140
8273,142
8274,142
8275,176
8276,182
8277,155
8278,131
8279,176
8280,151
8281,154
8282,147
8283,144
8284,171
8285,138
8286,155
8287,189
8288,133
8289,131
8290,179
8291,188
8292,187
8293,147
8294,156
8295,135
8296,179
8297,171
8298,171
8299,190
8300,161
8301,168
8302,157
8303,150
8304,159
8305,155
8306,150
8307,142
8308,145
8309,172
8310,150
8311,189
8312,161
8313,155
8314,145
8315,154
8316,188
8317,151
8318,181
8319,154
8320,192
8321,179
8322,145
8323,131
8324,157
8325,181
8326,147
8327,161
8328,162
8329,183
8330,184
8331,160
8332,174
8333,147
8334,169
8335,181
8336,162
8337,134
8338,139
8339,141
8340,135
8341,130
8342,140
8343,131
8344,137
8345,168
8346,149
8347,166
8348,136
8349,183
8350,180
8351,145
8352,155
8353,191
8354,174
8355,159
8356,192
8357,143
8358,169
8359,173
8360,148
8361,183
8362,145
8363,192
8364,157
8365,175
8366,153
8367,157
8368,188
8369,157
8370,179
8371,133
8372,185
8373,192
8374,152
8375,157
8376,172
8377,183
8378,171
8379,176
8380,129
8381,129
8382,183
8383,150
8384,165
8385,176
8386,183
8387,187
8388,171
8389,188
8390,139
8391,144
8392,128
8393,133
8394,133
8395,132
8396,131
8397,184
8398,181
8399,165
8400,131
8401,188
8402,144
8403,163
8404,133
8405,154
8406,152
8407,133
8408,129
8409,129
8410,179
8411,169
8412,181
8413,158
8414,146
8415,158
8416,155
8417,189
8418,152
8419,148
8420,149
8421,186
8422,138
8423,178
8424,153
8425,177
8426,159
8427,177
8428,146
8429,140
8430,141
8431,131
8432,144
8433,183
8434,173
8435,137
8436,151
8437,167
8438,188
8439,144
8440,166
8441,182
8442,192
8443,156
8444,137
8445,152
8446,178
8447,172
8448,191
8449,172
8450,132
8451,151
8452,170
8453,166
8454,160
8455,192
8456,181
8457,190
8458,176
8459,171
8460,173
8461,136
8462,182
8463,182
8464,135
8465,150
8466,183
8467,128
8468,137
8469,144
8470,179
8471,167
8472,187
8473,153
8474,133
8475,190
8476,143
8477,155
8478,186
8479,145
8480,140
8481,191
8482,139
8483,141
8484,176
8485,151
8486,167
8487,130
8488,149
8489,155
8490,161
8491,147
8492,165
8493,179
8494,187
8495,163
8496,161
8497,170
8498,158
8499,141
8500,152
8501,147
8502,192
8503,141
8504,181
8505,154
8506,143
8507,141
8508,171
8509,136
8510,135
8511,186
8512,145
8513,154
8514,159
8515,175
8516,192
8517,162
8518,170
8519,132
8520,142
8521,177
8522,132
8523,135
8524,143
8525,138
8526,189
8527,162
8528,186
8529,186
8530,174
8531,152
8532,160
8533,172
8534,133
8535,181
8536,132
8537,128
8538,154
8539,133
8540,133
8541,138
8542,142
8543,184
8544,142
8545,174
8546,175
8547,136
8548,176
8549,142
8550,163
8551,138
8552,187
8553,160
8554,192
8555,128
8556,171
8557,167
8558,181
8559,182
8560,164
8561,185
8562,183
8563,128
8564,175
8565,168
8566,185
8567,192
8568,156
8569,169
8570,128
8571,178
8572,178
8573,162
8574,174
8575,167
8576,151
8577,161
8578,163
8579,179
8580,146
8581,164
8582,183
8583,172
8584,187
8585,145
8586,138
8587,182
8588,145
8589,140
8590,136
8591,146
8592,164
8593,188
8594,187
8595,160
8596,184
8597,173
8598,174
8599,166
8600,181
8601,192
8602,165
8603,189
8604,129
8605,182
8606,153
8607,166
8608,132
8609,170
8610,165
8611,175
8612,168
8613,154
8614,145
8615,167
8616,149
8617,150
8618,140
8619,130
8620,150
8621,166
8622,149
8623,128
8624,172
8625,179
8626,177
8627,190
8628,147
8629,174
8630,191
8631,165
8632,180
8633,182
8634,131
8635,184
8636,147
8637,143
8638,129
8639,192
8640,182
8641,167
8642,164
8643,137
8644,165
8645,145
8646,149
8647,175
8648,147
8649,133
8650,153
8651,181
8652,173
8653,143
8654,153
8655,159
8656,149
8657,133
8658,162
8659,170
8660,175
8661,148
8662,152
8663,161
8664,156
8665,147
8666,136
8667,145
8668,145
8669,130
8670,129
8671,146
8672,190
8673,129
8674,144
8675,132
8676,140
8677,169
8678,162
8679,128
8680,178
8681,162
8682,142
8683,190
8684,143
8685,156
8686,132
8687,165
8688,131
8689,143
8690,132
8691,163
8692,176
8693,183
8694,166
8695,178
8696,179
8697,178
8698,174
8699,171
8700,168
8701,167
8702,145
8703,143
8704,191
8705,155
8706,146
8707,157
8708,157
8709,146
8710,137
8711,139
8712,144
8713,150
8714,184
8715,144
8716,179
8717,185
8718,139
8719,177
8720,191
8721,183
8722,139
8723,186
8724,139
8725,182
8726,142
8727,135
8728,139
8729,176
8730,180
8731,155
8732,131
8733,177
8734,158
8735,192
8736,138
8737,134
8738,135
8739,186
8740,135
8741,139
8742,148
8743,173
8744,152
8745,183
8746,136
8747,136
8748,189
8749,155
8750,167
8751,157
8752,153
8753,175
8754,147
8755,172
8756,172
8757,155
8758,135
8759,146
8760,169
8761,181
8762,149
8763,164
8764,178
8765,155
8766,128
8767,176
8768,188
8769,140
8770,191
8771,144
8772,162
8773,128
8774,185
8775,135
8776,191
8777,187
8778,172
8779,180
8780,179
8781,186
8782,172
8783,169
8784,160
8785,182
8786,176
8787,169
8788,181
8789,150
8790,131
8791,160
8792,166
8793,152
8794,130
8795,129
8796,178
8797,185
8798,185
8799,131
8800,181
8801,140
8802,179
8803,170
8804,158
8805,161
8806,155
8807,128
8808,173
8809,187
8810,162
8811,179
8812,148
8813,142
8814,134
8815,152
8816,174
8817,155
8818,164
8819,143
8820,143
8821,187
8822,142
8823,169
8824,170
8825,138
8826,180
8827,131
8828,173
8829,130
8830,153
8831,168
8832,133
8833,172
8834,154
8835,152
8836,164
8837,147
8838,187
8839,185
8840,182
8841,160
8842,187
8843,129
8844,141
8845,178
8846,156
8847,155
8848,145
8849,178
8850,154
8851,190
8852,192
8853,142
8854,190
8855,132
8856,156
8857,169
8858,184
8859,161
8860,139
8861,135
8862,151
8863,154
8864,163
8865,157
8866,129
8867,167
8868,128
8869,132
8870,141
8871,141
8872,182
8873,152
8874,132
8875,191
8876,165
8877,189
8878,138
8879,188
8880,140
8881,151
8882,147
8883,163
8884,173
8885,139
8886,192
8887,156
8888,141
8889,132
8890,171
8891,181
8892,128
8893,178
8894,158
8895,192
8896,134
8897,184
8898,168
8899,180
8900,151
8901,136
8902,172
8903,168
8904,183
8905,174
8906,186
8907,149
8908,147
8909,188
8910,176
8911,178
8912,134
8913,137
8914,154
8915,171
8916,174
8917,189
8918,137
8919,187
8920,161
8921,171
8922,189
8923,158
8924,172
8925,149
8926,162
8927,154
8928,129
8929,152
8930,159
8931,150
8932,183
8933,183
8934,142
8935,137
8936,182
8937,170
8938,186
8939,190
8940,156
8941,171
8942,137
8943,138
8944,183
8945,135
8946,138
8947,175
8948,171
8949,154
8950,149
8951,143
8952,170
8953,172
8954,192
8955,165
8956,172
8957,182
8958,184
8959,160
8960,169
8961,181
8962,143
8963,128
8964,186
8965,157
8966,164
8967,186
8968,133
8969,137
8970,173
8971,147
8972,149
8973,191
8974,156
8975,182
8976,156
8977,177
8978,158
8979,133
8980,170
8981,171
8982,151
8983,183
8984,174
8985,170
8986,144
8987,191
8988,128
8989,131
8990,144
8991,147
8992,185
8993,167
8994,163
8995,177
8996,160
8997,161
8998,143
8999,191
9000,168
9001,137
9002,187
9003,140
9004,160
9005,179
9006,170
9007,153
9008,178
9009,150
9010,169
9011,142
9012,143
9013,130
9014,128
9015,155
9016,135
9017,135
9018,184
9019,152
9020,185
9021,178
9022,147
9023,135
9024,166
9025,165
9026,133
9027,138
9028,133
9029,155
9030,191
9031,172
9032,161
9033,136
9034,169
9035,148
9036,172
9037,157
9038,128
9039,185
9040,160
9041,172
9042,164
9043,149
9044,167
9045,158
9046,179
9047,170
9048,178
9049,129
9050,133
9051,134
9052,141
9053,154
9054,184
9055,166
9056,170
9057,152
9058,131
9059,172
9060,171
9061,131
9062,191
9063,150
9064,180
9065,141
9066,138
9067,157
9068,141
9069,137
9070,132
9071,159
9072,163
9073,169
9074,183
9075,188
9076,172
9077,141
9078,142
9079,161
9080,144
9081,140
9082,172
9083,163
9084,171
9085,136
9086,162
9087,150
9088,129
9089,139
9090,131
9091,147
9092,168
9093,170
9094,147
9095,153
9096,160
9097,144
9098,166
9099,137
9100,160
9101,177
9102,144
9103,188
9104,128
9105,163
9106,142
9107,162
9108,178
9109,189
9110,173
9111,141
9112,169
9113,187
9114,140
9115,131
9116,155
9117,160
9118,160
9119,179
9120,131
9121,141
9122,162
9123,143
9124,150
9125,165
9126,153
9127,162
9128,164
9129,152
9130,187
9131,146
9132,188
9133,149
9134,155
9135,165
9136,143
9137,140
9138,170
9139,166
9140,185
9141,146
9142,168
9143,177
9144,182
9145,154
9146,175
9147,175
9148,171
9149,158
9150,137
9151,187
9152,155
9153,146
9154,191
9155,145
9156,151
9157,181
9158,144
9159,171
9160,184
9161,178
9162,161
9163,175
9164,157
9165,131
9166,145
9167,151
9168,144
9169,192
9170,137
9171,150
9172,148
9173,134
9174,131
9175,145
9176,166
9177,138
9178,173
9179,186
9180,160
9181,191
9182,178
9183,177
9184,144
9185,136
9186,172
9187,149
9188,156
9189,170
9190,189
9191,129
9192,182
9193,171
9194,174
9195,153
9196,152
9197,162
9198,160
9199,158
9200,137
9201,191
9202,135
9203,140
9204,169
9205,182
9206,129
9207,148
9208,149
9209,149
9210,141
9211,190
9212,137
9213,187
9214,164
9215,170
9216,179
9217,144
9218,183
9219,143
9220,189
9221,153
9222,180
9223,131
9224,152
9225,189
9226,170
9227,164
9228,140
9229,156
9230,164
9231,190
9232,178
9233,154
9234,139
9235,166
9236,138
9237,142
9238,191
9239,175
9240,141
9241,165
9242,145
9243,174
9244,175
9245,171
9246,167
9247,147
9248,141
9249,151
9250,135
9251,129
9252,151
9253,182
9254,154
9255,184
9256,182
9257,128
9258,147
9259,184
9260,161
9261,174
9262,188
9263,181
9264,174
9265,137
9266,160
9267,157
9268,129
9269,148
9270,183
9271,153
9272,175
9273,175
9274,179
9275,178
9276,137
9277,133
9278,138
9279,134
9280,166
9281,179
9282,166
9283,129
9284,168
9285,153
9286,148
9287,162
9288,135
9289,139
9290,149
9291,131
9292,192
9293,171
9294,168
9295,187
9296,181
9297,139
9298,180
9299,136
9300,140
9301,145
9302,155
9303,190
9304,135
9305,160
9306,153
9307,160
9308,151
9309,142
9310,153
9311,130
9312,144
9313,170
9314,134
9315,175
9316,183
9317,156
9318,156
9319,133
9320,188
9321,180
9322,160
9323,189
9324,167
9325,163
9326,172
9327,161
9328,157
9329,135
9330,151
9331,173
9332,180
9333,151
9334,164
9335,187
9336,134
9337,130
9338,163
9339,165
9340,150
9341,146
9342,153
9343,189
9344,188
9345,145
9346,152
9347,155
9348,143
9349,161
9350,187
9351,145
9352,179
9353,174
9354,173
9355,153
9356,189
9357,140
9358,174
9359,128
9360,162
9361,145
9362,130
9363,159
9364,156
9365,162
9366,141
9367,192
9368,131
9369,172
9370,140
9371,183
9372,174
